OR130911_01_01	173	173	154	156	92	128	212	218	151	179	221	221	118	135	309	309	165	167	164	196	193	195	179	199	300	300	97	113	124	130	153	153	164	188	225	225	127	135	130	158
OR130911_01_02	173	173	154	154	102	104	215	221	153	171	237	237	118	120	309	511	159	185	166	212	193	193	145	183	308	312	101	117	130	130	145	153	212	220	243	243	131	135	138	158
OR130911_01_03	173	179	154	154	92	104	224	224	147	151	225	233	124	124	309	491	169	175	188	188	193	195	127	153	300	300	105	105	124	124	139	153	164	172	223	267	131	139	158	162
OR130911_01_04	173	175	154	156	102	106	212	224	151	151	237	237	124	137	309	491	155	159	164	190	195	195	155	191	300	304	105	105	120	124	149	149	164	212	253	261	115	131	130	136
OR130911_01_05	173	173	158	160	102	104	230	236	147	175	225	225	118	122	309	505	169	177	180	190	193	193	155	179	300	300	117	129	130	130	145	157	164	164	223	223	131	139	136	162
OR130911_01_06	173	177	154	154	92	130	212	218	136	147	237	237	122	124	511	533	151	165	164	196	195	197	127	223	300	300	105	109	124	130	145	149	172	192	247	269	135	139	138	144
OR130911_01_07	173	173	154	172	106	126	218	227	147	147	217	233	118	127	377	529	163	167	164	166	195	195	135	145	300	308	105	129	124	124	139	153	164	176	235	245	127	135	158	162
OR130911_01_08	173	177	162	168	102	130	215	221	147	153	237	237	129	160	533	533	159	163	166	166	193	193	127	141	308	308	105	109	124	124	161	161	164	228	235	251	115	135	136	158
OR130911_01_09	173	175	154	154	92	106	215	221	155	175	233	237	118	127	397	497	155	163	164	196	193	195	107	123	300	304	101	109	124	130	145	153	172	172	235	249	119	131	130	144
OR130911_01_10	173	173	154	154	130	134	215	227	147	157	237	237	118	124	309	309	159	165	166	214	193	195	127	215	288	300	105	113	124	124	145	145	196	200	235	253	115	143	130	162
OR130911_01_11	173	185	154	154	102	102	221	221	151	151	225	225	127	135	313	373	169	185	164	172	193	195	119	145	300	308	97	105	130	135	139	149	160	200	243	253	135	139	130	136
OR130911_01_12	173	175	156	158	130	130	221	224	147	155	217	233	122	131	313	511	159	165	164	208	195	195	119	199	300	304	121	133	116	124	145	181	164	192	239	247	115	135	136	162
OR130911_01_13	173	173	154	156	92	130	218	221	151	157	225	233	120	120	309	373	159	175	196	200	195	195	185	191	300	308	105	105	124	124	153	193	164	192	221	259	131	135	138	138
OR130911_01_14	177	183	156	156	96	130	233	256	147	147	225	253	116	118	349	365	147	161	182	188	193	193	107	107	320	332	109	147	120	135	149	185	164	164	199	199	123	127	132	158
OR130911_01_15	173	173	154	154	100	102	215	224	151	157	209	237	120	120	309	505	169	185	164	192	193	195	153	179	300	304	113	117	120	120	149	149	164	172	231	235	127	135	162	162
OR130911_01_16	173	175	156	156	104	130	224	256	151	151	217	217	131	140	373	491	163	169	204	208	193	195	127	207	304	304	113	117	124	130	145	149	164	172	243	247	131	139	130	144
OR130911_01_17	173	173	154	154	100	100	221	245	147	151	217	233	120	120	309	373	171	171	166	166	193	193	119	123	300	308	113	113	124	130	149	161	164	200	221	243	115	135	138	138
OR130911_01_18	173	175	156	156	104	130	218	224	147	153	233	237	124	124	309	393	159	159	166	216	193	195	111	171	300	308	129	129	120	124	145	153	172	192	243	249	115	131	138	140
OR130911_01_19	173	185	156	156	92	130	215	221	147	175	237	245	118	124	515	515	159	167	166	200	193	193	123	127	300	312	109	125	124	124	131	153	172	220	235	255	131	139	130	130
OR130911_01_20	173	173	154	154	102	126	212	221	149	153	209	233	122	127	309	373	165	165	164	190	193	193	167	199	300	300	129	133	124	124	149	153	164	208	255	267	115	135	138	144
OR130911_01_21	173	173	152	154	126	132	215	224	147	151	209	225	118	124	313	373	165	169	194	220	193	193	141	155	304	308	105	105	130	130	145	173	164	208	241	251	131	135	142	150
OR130911_01_22	173	185	154	154	92	102	221	224	147	149	233	233	120	137	309	491	159	165	164	166	193	193	123	179	300	312	113	117	124	130	139	171	164	200	221	229	115	153	136	138
OR130911_01_23	173	175	154	154	106	130	221	224	151	151	233	233	118	122	373	491	165	167	164	210	193	195	163	219	304	312	109	117	120	140	145	153	172	224	209	257	123	127	130	136
OR130911_01_24	173	173	154	168	92	102	215	218	147	153	221	221	118	120	491	505	159	165	164	164	193	195	119	231	300	300	105	117	120	124	149	173	164	172	221	229	107	139	126	136
OR130911_01_25	173	173	158	160	102	104	215	245	151	151	209	233	127	135	309	373	159	165	178	178	195	195	145	179	300	300	113	133	124	124	139	145	164	172	221	243	131	149	130	136
OR130911_01_26	173	173	154	154	102	128	221	224	151	153	209	225	120	122	511	537	165	185	164	204	193	195	123	183	300	308	109	129	124	130	139	149	164	164	247	255	123	135	130	162
OR130911_01_27	173	177	154	158	92	104	221	224	161	165	225	225	118	129	309	515	159	169	164	194	193	195	127	127	308	308	105	133	124	130	145	145	164	208	243	255	115	131	126	130
OR130911_01_28	173	179	154	185	102	104	212	227	147	147	217	221	118	122	309	313	159	165	166	190	193	195	145	183	300	304	105	129	120	124	145	145	220	232	221	245	135	139	158	158
OR130911_01_29	173	179	154	156	92	130	218	221	151	153	225	225	118	140	377	377	165	185	166	190	193	193	123	173	300	300	97	105	124	124	149	153	164	208	221	223	131	131	126	138
OR130911_01_32	177	177	160	160	100	108	215	248	155	163	237	241	116	131	393	539	149	151	170	178	193	193	107	107	304	324	89	89	124	130	173	177	164	164	199	199	123	131	132	156
OR130911_01_33	173	177	154	154	100	130	221	221	147	155	233	237	124	124	309	313	159	159	164	166	193	195	153	199	300	308	105	133	124	124	145	149	200	212	235	237	135	135	158	162
OR130911_01_34	173	173	168	185	92	134	212	245	149	161	217	229	118	122	309	373	159	163	166	168	193	195	127	163	300	300	113	129	124	124	153	153	172	172	227	245	135	139	126	150
OR130911_01_35	173	173	156	185	130	130	218	224	147	149	233	237	118	124	373	515	165	175	164	198	193	195	127	141	300	304	109	133	124	124	115	137	164	208	235	235	135	135	136	156
OR130911_01_36	173	179	154	156	92	102	215	224	147	151	225	225	120	124	309	491	163	165	166	192	193	193	145	171	304	304	101	117	130	130	139	149	228	236	251	257	135	135	136	136
OR130911_01_37	173	173	156	156	100	100	221	224	147	149	221	237	124	160	511	533	159	173	164	164	193	193	145	231	300	316	105	113	130	140	145	145	164	236	255	261	115	131	130	150
OR130911_01_38	173	179	154	160	92	102	221	224	153	175	225	225	127	129	313	373	167	169	166	168	193	193	111	141	300	304	101	121	124	124	145	153	164	172	229	229	115	131	138	150
OR130911_01_39	173	175	154	154	90	104	218	221	151	157	225	237	118	120	373	511	165	173	170	196	195	195	185	235	300	300	105	117	130	130	149	153	164	200	209	219	127	143	130	144
OR130911_01_40	173	175	154	156	126	130	221	224	151	151	225	225	118	120	309	377	169	169	164	166	195	195	135	207	300	304	105	113	120	124	177	177	196	224	227	245	115	139	130	138
OR130911_01_41	173	177	154	154	106	126	215	221	151	157	221	237	118	118	321	537	161	167	164	196	193	195	135	153	300	308	113	113	124	130	145	145	192	236	237	247	127	139	138	152
OR130911_01_42	173	173	154	158	102	128	221	224	151	165	209	209	118	120	309	393	185	187	164	208	185	195	155	173	304	308	113	113	120	124	153	173	164	164	221	249	131	135	138	158
OR130911_01_43	173	173	154	154	92	102	215	227	153	153	225	233	122	124	313	515	159	167	168	210	193	195	123	135	304	308	97	113	124	130	149	185	164	172	209	245	131	135	138	138
OR130911_01_44	173	175	154	154	102	128	212	227	151	167	221	237	129	137	385	505	165	169	192	204	193	193	135	153	300	316	105	113	124	124	145	149	172	208	231	247	123	123	130	150
OR130911_01_45	173	177	154	154	92	102	215	224	147	151	213	237	118	118	373	519	165	169	190	204	195	195	127	183	300	308	105	133	120	130	153	169	172	172	227	267	131	131	138	140
OR130911_01_46	173	177	158	174	100	126	221	221	151	155	237	237	118	118	313	505	163	165	164	166	193	193	145	199	300	308	109	129	120	124	149	149	164	200	235	251	115	143	138	144
OR130911_01_47	173	179	154	158	98	128	215	218	149	153	209	237	120	129	309	313	159	159	164	166	195	195	171	203	304	304	105	113	124	124	145	153	164	212	221	255	131	135	138	138
OR130911_01_48	173	173	156	168	126	130	221	224	147	153	225	225	118	124	393	505	165	169	164	166	193	193	145	199	300	304	105	125	120	130	145	171	160	164	221	235	115	135	136	136
OR130911_01_49	173	173	154	154	92	102	215	221	147	147	217	245	129	135	313	313	165	173	164	164	193	195	155	163	300	304	105	113	124	124	145	149	172	216	249	255	127	131	132	164
OR130911_01_50	173	173	154	154	92	92	236	256	151	151	209	229	118	118	381	491	159	159	164	216	195	195	127	155	300	308	105	133	124	124	145	145	164	164	243	251	115	127	136	136
OR130911_01_51	173	177	144	158	100	102	215	224	147	149	217	217	118	122	309	491	165	175	164	190	193	195	145	199	300	300	105	117	124	130	115	115	164	172	221	225	135	139	130	158
OR130911_01_52	173	173	154	156	102	104	221	224	147	151	209	221	120	135	333	377	159	165	194	210	193	193	179	183	300	300	101	105	124	124	149	173	164	208	237	255	115	115	138	138
OR130911_01_53	175	179	154	168	104	132	206	224	149	149	221	225	120	122	309	377	169	175	166	220	193	195	159	211	300	304	105	121	124	130	145	153	164	172	247	251	131	143	136	140
OR130911_01_54	173	175	154	172	92	102	218	227	147	147	225	233	124	129	309	511	151	167	204	208	195	195	123	231	300	336	105	113	120	124	145	153	160	164	247	261	135	149	136	144
OR130911_01_55	173	179	158	158	92	130	218	221	147	151	225	233	124	131	373	491	151	159	188	200	193	195	127	199	300	308	105	133	124	124	145	145	164	172	225	239	115	115	138	142
OR130911_01_56	173	173	154	154	92	92	215	227	151	157	237	237	120	131	313	393	159	165	166	210	193	193	141	179	300	304	117	125	124	130	145	145	164	164	243	247	119	131	138	162
OR130911_01_57	173	173	156	158	104	130	212	218	153	165	217	225	120	131	373	491	159	167	166	204	195	195	127	179	304	308	105	113	124	124	129	193	204	212	221	223	115	135	130	136
OR130911_01_59	173	173	154	154	92	130	224	256	149	155	225	229	118	120	309	377	159	167	178	188	193	195	145	179	300	304	101	109	120	124	145	153	164	224	233	267	115	135	136	136
OR130911_01_60	173	179	156	158	100	100	221	221	151	177	237	245	118	122	309	511	155	159	164	210	193	195	123	155	300	304	105	109	124	130	149	149	164	216	219	243	119	135	136	138
OR130911_01_61	173	173	154	158	104	130	221	224	147	149	225	225	120	131	377	537	165	165	166	188	193	195	153	183	300	304	105	113	120	124	129	145	212	220	219	267	115	135	126	162
OR130911_01_62	173	175	154	172	92	100	218	221	149	151	217	217	118	120	313	353	159	175	166	208	193	193	127	183	304	308	101	117	124	130	149	165	164	172	225	225	131	131	130	158
OR130911_01_64	173	173	154	154	92	102	212	227	151	175	217	237	118	135	313	377	159	165	188	208	193	195	163	199	304	308	105	117	124	130	145	161	164	200	253	253	127	131	138	138
OR130911_01_65	173	185	154	168	92	102	218	221	147	161	233	233	118	120	313	505	159	185	166	224	193	195	135	171	308	308	105	117	124	130	149	171	164	220	235	235	131	135	138	150
OR130911_01_66	173	173	156	156	92	102	215	224	151	175	233	237	118	140	309	313	159	159	166	168	193	195	127	231	300	312	105	109	124	130	153	153	164	204	245	253	135	139	136	162
OR130911_01_67	173	173	154	154	126	130	221	224	147	153	221	233	127	137	373	491	159	165	166	190	193	193	171	199	300	304	105	113	124	130	145	149	164	204	235	245	119	127	136	162
OR130911_01_68	173	179	154	158	102	106	212	218	151	153	233	237	118	132	309	505	163	167	166	182	193	193	145	171	304	308	105	109	124	130	139	149	172	188	245	253	131	135	136	138
OR130911_01_69	173	173	154	154	92	100	218	221	147	153	237	237	118	135	321	393	163	175	168	170	193	195	119	127	300	300	105	109	130	130	153	161	212	236	239	245	139	185	138	138
OR130911_01_70	173	173	160	168	92	92	218	221	147	151	221	237	118	127	309	515	159	169	170	170	195	195	107	127	308	308	97	101	124	130	149	149	164	200	209	261	119	131	126	138
OR130911_01_71	173	173	154	154	92	102	215	224	155	155	233	233	120	129	511	511	165	175	164	166	193	193	123	173	300	304	97	109	120	130	149	153	172	204	243	253	115	131	136	138
OR130911_01_72	173	173	154	156	102	130	221	221	147	151	213	217	118	131	377	393	159	159	164	168	195	195	179	185	300	308	105	105	124	124	145	145	172	172	255	257	131	131	130	150
OR130911_01_73	173	175	160	168	100	106	221	224	147	153	225	225	124	127	377	393	159	181	170	190	195	195	179	179	300	300	109	113	120	124	171	171	164	204	233	255	119	119	130	150
OR130911_01_74	173	173	154	154	106	126	212	224	151	151	225	233	122	127	313	313	165	181	166	200	193	193	159	179	304	308	101	109	124	130	123	149	164	164	247	247	127	131	138	138
OR130911_01_75	173	173	154	168	92	118	224	224	151	167	221	233	118	137	309	377	155	169	164	202	193	193	131	163	300	300	109	113	124	130	145	145	164	220	245	257	119	127	130	144
OR130911_01_76	173	175	154	154	92	100	212	224	147	149	213	225	118	120	309	377	169	171	202	216	193	195	127	167	300	308	109	109	120	124	139	149	164	220	221	223	135	139	126	136
OR130911_01_77	173	173	154	158	104	116	215	221	147	151	237	237	118	122	505	511	159	165	164	170	193	193	123	127	308	308	105	105	124	130	149	153	164	164	245	255	135	135	130	136
OR130911_01_78	173	173	154	156	130	130	215	221	147	155	237	237	118	118	505	511	159	171	166	190	193	195	163	231	296	304	105	129	120	124	145	145	164	196	237	243	115	135	142	150
OR130911_01_79	173	173	154	154	106	128	221	245	147	153	233	233	120	124	349	505	159	173	164	176	193	193	127	199	288	304	117	133	124	124	145	149	164	220	227	269	131	131	136	142
OR130911_01_80	175	175	154	158	92	102	215	221	151	165	229	237	129	135	491	515	159	165	166	190	193	193	155	183	304	308	109	113	124	130	139	157	172	236	221	255	135	139	130	150
OR130911_01_81	173	173	154	156	92	102	224	224	149	151	225	245	124	127	385	537	159	175	166	194	193	195	163	199	300	300	105	129	124	130	149	153	208	224	245	245	119	135	130	162
OR130911_01_82	173	173	154	154	102	104	212	224	147	147	225	225	118	124	313	313	163	169	192	194	193	195	127	173	304	308	105	117	120	124	139	153	212	220	247	251	139	157	138	150
OR130911_01_83	173	177	152	154	92	130	212	218	151	169	221	225	118	122	313	491	163	165	164	170	193	195	153	231	308	308	105	125	124	130	139	153	164	220	243	247	143	149	130	138
OR130911_01_85	173	173	156	168	88	92	215	221	147	147	225	225	120	122	491	491	163	163	170	194	195	195	135	231	300	308	113	113	120	130	145	149	164	164	245	255	115	115	130	150
OR130911_01_86	173	173	154	156	92	104	212	218	147	153	209	225	118	124	309	533	159	163	178	204	195	195	119	127	304	304	113	113	124	130	153	165	164	164	233	247	135	149	138	138
OR130911_01_87	173	177	154	156	92	106	212	221	151	153	229	241	127	129	309	515	159	163	166	170	193	193	163	173	304	308	97	105	124	124	149	153	164	164	253	255	139	139	162	162
OR130911_01_88	173	179	152	154	102	130	212	221	136	147	225	237	118	118	349	377	157	169	168	196	193	195	153	173	300	308	117	117	116	124	145	153	164	236	235	253	131	135	138	162
OR130911_01_89	173	173	154	156	100	100	212	212	151	155	209	225	118	120	309	373	159	169	164	166	193	195	159	173	304	308	105	105	120	130	139	153	164	172	237	251	135	143	138	156
OR130911_01_90	173	185	154	154	100	130	215	227	155	229	217	249	118	124	373	511	159	173	164	196	193	195	153	183	304	304	105	105	124	124	153	161	172	208	209	261	115	131	138	138
OR130911_01_91	173	179	154	158	102	106	212	215	147	165	209	225	118	120	313	533	159	167	164	164	193	193	167	219	300	304	105	113	124	130	145	203	172	192	209	235	135	135	130	138
OR130911_01_92	173	177	154	154	102	130	212	221	153	175	225	225	120	142	309	313	155	165	166	170	195	195	123	199	300	308	113	129	124	124	145	145	164	164	243	255	135	135	138	138
OR130911_01_94	173	173	154	154	102	130	221	224	151	151	225	229	118	129	373	385	151	161	198	210	195	195	135	145	300	304	109	113	124	130	153	153	172	204	225	225	131	143	130	136
OR130911_01_95	173	175	154	168	92	102	221	224	151	151	233	237	135	144	313	505	159	175	170	210	193	197	119	127	304	304	109	129	124	130	145	193	164	164	253	255	115	127	130	162
OR130911_01_96	173	179	158	160	106	106	218	221	149	153	217	237	120	140	491	505	151	157	166	190	195	195	173	191	300	300	101	105	124	124	149	149	164	236	235	269	115	135	130	162
OR130911_01_100	173	175	154	154	98	106	218	230	147	147	237	237	118	129	377	533	159	185	164	164	195	195	135	155	304	304	97	121	124	130	149	153	192	204	253	264	107	131	136	136
OR130911_01_101	173	173	154	156	102	130	215	221	147	149	217	225	129	131	373	397	163	179	192	196	193	195	153	199	304	308	109	133	130	130	153	173	164	188	225	255	115	139	138	158
OR130911_01_102	173	173	154	156	92	130	215	221	151	151	221	225	118	124	309	491	163	167	170	216	193	195	127	207	300	304	97	133	120	130	145	145	164	172	251	253	115	119	126	138
OR130911_01_103	173	179	154	154	98	130	221	224	149	165	225	233	118	129	313	505	159	165	164	164	193	193	119	119	300	300	105	113	124	130	139	153	172	172	219	221	115	135	126	138
OR130911_01_104	173	175	154	154	102	126	221	221	147	153	225	225	137	140	377	397	163	165	166	166	193	197	135	173	308	308	109	133	124	130	139	149	164	220	243	267	131	135	150	156
OR130911_01_105	175	175	154	180	100	102	221	221	147	153	225	225	120	135	309	377	159	159	166	200	193	195	107	219	304	308	105	109	120	130	139	145	164	172	239	247	127	131	150	162
OR130911_01_106	175	179	154	156	92	140	221	224	151	177	225	225	118	120	309	377	167	169	166	192	193	195	179	191	300	304	97	105	120	124	129	145	164	164	213	245	123	131	136	138
OR130911_01_107	175	179	164	180	102	104	212	221	147	157	217	225	118	122	317	373	139	187	210	212	193	193	103	185	300	300	105	105	120	124	139	139	164	196	243	247	131	135	136	136
OR130911_01_108	175	175	144	158	100	100	218	221	149	151	225	237	120	137	501	511	169	185	170	196	193	193	159	199	308	312	105	113	124	130	153	157	164	172	235	255	127	131	142	150
OR130911_01_109	173	173	154	156	100	102	215	230	151	165	217	217	118	120	309	501	159	173	164	166	193	195	179	179	308	308	97	129	124	130	145	145	164	172	251	255	115	127	130	138
OR130911_01_110	173	173	154	154	92	92	212	221	151	159	209	225	124	137	309	505	167	171	164	170	193	195	199	199	304	308	113	117	130	130	145	153	160	176	225	251	123	131	130	138
OR130911_01_112	173	173	154	154	92	130	221	224	147	151	221	233	129	129	377	491	167	169	172	210	193	195	153	185	300	304	105	105	124	124	139	145	164	224	237	243	131	143	140	158
OR130911_01_113	173	173	156	168	92	130	215	233	147	149	225	241	118	127	313	515	165	185	176	182	195	195	127	131	300	300	93	113	124	130	145	149	164	172	231	255	131	135	138	150
OR130911_01_114	173	173	158	158	100	102	212	218	151	177	209	209	122	124	309	377	155	159	166	204	193	195	153	155	300	304	105	133	124	130	153	177	172	192	219	247	131	139	126	130
OR130911_01_115	173	173	154	154	102	130	215	221	147	147	233	233	118	122	309	505	159	165	164	216	193	195	127	203	300	300	117	129	124	124	161	177	160	172	239	247	115	135	138	144
OR130911_01_116	173	179	156	158	102	130	221	221	149	165	225	225	118	131	309	491	165	165	190	192	193	195	135	145	300	308	105	117	120	130	149	153	164	172	209	243	135	135	130	130
OR130911_01_117	173	173	154	168	92	100	215	224	147	151	209	225	120	124	385	511	159	169	178	208	193	195	127	195	300	304	101	117	130	168	149	149	164	164	221	229	115	143	138	158
OR130911_01_118	173	173	154	154	100	130	215	245	151	157	209	221	129	135	309	313	155	159	164	164	195	195	155	185	304	308	105	109	120	130	139	149	164	164	221	239	119	131	136	150
OR130911_01_119	173	173	154	156	92	130	221	221	136	153	225	225	124	124	377	385	167	175	164	170	193	195	163	183	304	308	109	129	124	124	153	185	188	224	243	245	135	135	138	158
OR130911_01_120	173	175	154	156	92	100	215	221	147	153	225	233	118	135	313	497	167	167	166	172	193	193	127	171	304	308	113	113	124	140	145	145	200	204	247	259	135	143	136	162
OR130911_01_121	173	177	154	154	104	130	221	221	151	161	209	237	124	129	309	491	165	169	200	218	195	195	135	171	300	308	113	113	130	135	153	153	164	172	221	237	135	135	136	162
OR130911_01_123	173	173	154	158	92	92	224	227	151	157	217	237	124	127	491	505	159	159	170	210	195	195	185	199	304	308	105	105	124	130	153	171	164	172	209	235	119	135	138	158
OR130911_01_124	173	173	154	154	92	106	221	253	151	155	209	225	118	127	377	515	159	175	166	166	195	195	179	183	308	312	113	129	124	130	149	153	164	164	253	267	115	135	138	158
OR130911_01_125	173	173	154	154	126	130	212	224	151	165	233	237	122	127	349	377	159	179	164	214	193	193	155	211	300	304	113	113	124	140	149	157	192	204	241	255	115	127	136	158
OR130911_01_126	181	183	154	156	114	122	215	224	147	149	209	229	116	124	365	409	157	159	168	194	193	199	103	107	308	308	89	93	124	135	183	191	164	164	199	199	119	123	132	158
OR130911_01_127	173	175	154	156	92	92	218	245	151	151	225	233	118	120	353	519	159	165	190	204	193	195	145	153	292	300	105	105	124	130	129	153	164	212	229	237	131	139	158	162
OR130911_01_128	173	173	154	154	92	154	221	221	147	151	233	237	118	127	309	511	171	173	166	182	193	195	123	199	304	308	101	117	124	124	145	149	164	204	237	253	115	135	140	142
OR130911_01_129	173	175	154	156	92	134	215	224	151	165	233	237	118	131	393	511	159	169	166	166	193	195	131	183	304	308	113	133	124	124	145	145	164	212	213	245	115	135	144	150
OR130911_01_130	173	175	154	158	92	92	221	224	147	149	225	225	120	124	309	491	159	165	164	166	193	193	163	183	300	300	129	133	120	124	149	153	172	192	247	251	135	135	138	158
OR130911_01_131	173	185	154	156	92	92	224	224	151	151	217	233	118	129	309	511	155	159	166	216	195	195	159	171	300	304	97	105	130	130	129	153	204	208	223	243	119	135	126	130
OR130911_01_132	173	185	164	164	100	100	221	224	147	169	213	225	120	131	309	511	165	165	176	186	193	193	123	145	300	300	101	105	124	124	149	177	164	172	243	245	131	131	138	162
OR130911_01_133	173	175	154	156	102	130	215	221	136	153	209	225	122	129	491	505	159	167	194	208	195	195	119	167	300	304	117	117	120	130	153	177	164	204	235	235	135	139	142	158
OR130911_01_134	175	179	154	154	126	130	218	221	149	153	229	241	118	118	309	385	163	181	164	166	195	197	127	179	288	336	105	105	124	130	137	145	164	164	227	267	115	131	126	150
OR130911_01_135	175	179	154	168	102	104	212	215	149	151	237	237	118	120	309	369	167	181	188	196	193	195	127	171	300	316	101	129	130	130	145	153	164	212	235	255	135	135	130	144
OR130911_01_136	173	173	154	154	102	102	215	224	155	161	217	233	122	160	309	377	159	163	168	168	193	195	123	135	300	304	105	109	124	130	149	177	172	204	235	251	115	153	136	144
OR130911_01_137	173	175	144	154	102	130	212	224	151	151	233	233	118	118	309	377	159	165	190	192	193	195	183	207	300	308	101	109	124	130	145	177	164	164	251	255	123	143	136	138
OR130911_01_138	173	175	154	156	130	130	218	224	151	153	225	229	127	127	309	393	159	175	170	170	195	195	119	127	304	308	109	133	124	124	153	177	164	204	251	255	123	131	136	136
OR130911_01_139	173	179	154	158	106	132	227	227	147	169	217	237	118	122	309	365	159	165	170	196	195	197	127	183	300	304	105	109	124	130	153	153	164	172	245	267	127	131	138	162
OR130911_01_140	177	177	154	156	96	130	224	233	147	161	217	253	124	131	393	409	143	161	168	168	193	193	111	167	300	308	93	105	120	124	149	203	164	164	199	199	139	149	132	132
OR130911_01_141	173	175	154	154	102	130	218	224	151	151	233	237	124	129	491	511	163	175	164	190	193	195	179	207	304	308	105	109	124	124	145	153	164	172	229	237	135	135	138	144
OR130911_01_142	173	173	154	156	100	126	215	230	151	175	225	237	120	124	377	491	159	165	170	202	193	195	123	145	300	304	113	113	124	124	145	153	164	164	221	243	127	135	130	136
OR130911_01_143	173	173	154	156	130	130	215	215	147	157	209	225	118	131	385	491	163	169	164	192	193	193	127	199	300	308	113	113	120	130	139	149	200	208	221	225	131	135	144	158
OR130911_01_144	173	173	156	158	100	130	224	224	151	157	233	237	122	122	373	377	159	159	168	204	195	195	141	155	300	300	97	113	124	130	137	153	172	208	235	245	131	135	138	158
OR130911_01_145	173	175	154	154	92	130	221	227	147	153	237	237	118	120	309	393	165	175	220	226	195	195	141	183	300	304	105	105	120	130	149	153	164	212	221	235	115	181	144	162
OR130911_01_146	173	173	154	154	92	106	212	230	147	147	213	225	120	131	309	523	149	159	164	188	193	195	131	159	300	304	109	113	124	124	161	161	164	192	227	231	119	135	130	138
OR130911_01_147	173	175	158	180	92	102	212	224	151	151	233	237	118	122	491	491	165	169	170	190	193	195	171	179	304	304	101	101	124	124	145	145	164	164	255	255	127	135	136	138
OR130911_01_148	173	173	154	154	92	130	221	224	147	147	225	237	118	129	309	373	159	159	164	166	193	193	135	153	300	300	113	129	124	130	145	149	164	172	213	235	131	135	130	144
OR130911_01_149	177	179	154	160	92	102	218	224	149	153	237	245	124	131	309	309	177	185	166	216	193	195	171	199	300	300	105	117	124	124	149	153	164	176	251	267	131	131	136	138
OR130911_01_150	179	185	154	156	102	108	221	224	151	151	221	225	120	122	317	519	167	175	164	184	193	195	145	159	300	304	113	113	124	124	157	181	164	220	221	243	123	149	130	136
OR130911_01_151	173	173	154	156	104	106	215	218	151	151	233	233	122	124	353	397	163	165	164	166	193	197	163	219	304	304	101	113	124	124	129	149	196	220	251	261	135	139	136	156
OR130911_01_152	173	177	156	168	92	102	212	212	149	151	221	225	120	122	501	505	159	161	190	198	193	195	167	199	300	304	105	117	124	124	153	153	164	164	255	267	123	135	138	138
OR130911_01_153	173	179	156	172	102	106	221	221	147	147	225	225	118	118	309	365	163	169	168	188	193	195	135	153	300	320	105	113	124	124	149	161	164	164	221	235	123	135	156	162
OR130911_01_154	173	173	156	156	92	92	221	221	147	153	225	237	118	135	491	515	159	169	166	194	193	195	127	219	300	304	109	113	124	124	139	139	164	164	237	256	135	139	150	158
OR130911_01_155	173	173	154	154	92	106	224	224	151	155	225	229	120	122	373	385	159	165	166	194	193	195	199	215	300	336	105	105	124	130	137	145	164	164	235	249	115	143	136	138
OR130911_01_156	173	173	154	156	100	100	218	224	147	155	233	233	122	131	515	529	159	165	164	170	193	193	159	215	304	336	105	113	124	130	149	173	172	204	243	251	131	143	136	150
OR130911_01_157	173	177	154	158	128	128	224	224	147	151	225	225	129	140	313	573	163	171	166	166	193	193	127	127	304	308	105	113	124	135	137	137	172	236	247	251	131	135	138	150
OR130911_01_158	173	175	154	154	100	102	227	227	147	151	217	233	118	118	313	373	159	163	166	192	193	193	127	153	308	316	101	117	124	124	145	153	160	172	245	256	135	135	138	162
OR130911_01_159	173	173	156	158	92	102	215	224	151	153	217	229	120	124	309	373	165	181	198	204	193	195	191	223	300	304	101	105	124	130	149	149	164	172	245	247	131	139	142	156
OR130911_01_160	173	173	154	156	102	102	224	253	147	155	225	233	120	122	313	385	159	167	166	194	193	193	123	223	300	300	113	117	124	124	137	145	172	172	243	243	115	115	138	138
OR130911_01_161	173	177	154	156	100	100	215	221	149	153	221	229	118	118	309	313	165	165	164	212	193	193	127	155	300	304	105	113	130	148	149	149	172	172	239	245	135	139	136	136
OR130911_01_162	173	173	154	156	106	130	212	224	149	157	213	233	118	122	393	511	163	167	164	210	193	195	127	183	300	300	113	113	116	124	145	149	164	212	251	255	127	181	138	138
OR130911_01_163	173	173	154	172	92	126	215	218	149	151	225	225	124	127	373	491	165	175	164	192	193	193	127	145	300	300	113	129	124	130	153	171	172	220	221	247	131	131	130	150
OR130911_01_164	173	177	154	158	92	92	206	212	147	147	229	237	118	120	373	519	159	169	166	168	195	195	199	211	300	300	113	117	124	130	161	173	164	164	209	233	107	131	138	142
OR130911_01_165	173	173	154	154	106	130	218	221	147	151	233	237	118	129	491	519	159	169	164	216	195	195	127	199	300	304	105	105	124	124	149	153	164	204	229	235	119	135	130	136
OR130911_01_166	173	173	154	154	90	106	218	221	147	151	225	225	118	120	309	377	159	159	164	168	193	195	135	171	300	308	105	113	124	124	145	173	172	204	221	273	131	139	128	158
OR130911_01_167	173	173	154	154	102	106	215	224	151	161	209	225	122	127	309	385	151	159	188	212	195	195	135	135	300	300	105	113	124	124	149	153	164	200	225	245	135	143	136	162
OR130911_01_168	173	179	154	154	88	100	224	248	147	161	233	237	122	124	377	381	159	161	164	166	193	195	127	153	304	308	113	129	124	130	153	161	164	208	237	243	131	135	138	142
OR130911_01_169	173	173	168	168	92	100	212	215	147	157	225	237	118	131	313	385	169	171	164	166	193	193	127	131	300	312	97	117	120	130	145	149	204	208	231	231	135	135	136	144
OR130911_01_170	173	175	156	172	102	130	215	224	151	157	225	237	120	122	373	511	165	165	168	188	193	193	107	199	304	308	97	105	124	130	129	145	172	200	221	247	135	135	126	138
OR130911_01_171	173	173	154	158	130	130	221	224	151	155	233	245	118	118	309	313	161	171	166	208	193	195	119	153	300	308	105	105	124	130	137	139	164	192	223	253	135	139	152	170
OR130911_01_172	173	173	154	158	130	130	224	224	151	237	217	237	120	124	373	505	167	175	164	204	193	193	123	159	300	308	101	133	120	124	149	185	232	244	255	255	115	135	130	136
OR130911_01_173	173	173	154	154	130	130	218	221	147	147	233	233	124	124	309	505	165	181	164	212	193	193	127	141	300	300	109	113	124	124	149	149	164	220	243	261	115	131	136	138
OR130911_01_174	177	183	156	156	102	132	227	233	147	149	217	221	116	129	375	409	145	163	170	190	193	193	107	145	304	316	89	89	124	135	173	177	164	172	199	199	123	127	132	134
OR130911_01_175	177	177	154	168	104	130	221	224	147	149	217	237	118	118	309	369	159	169	164	168	193	193	203	203	300	304	105	113	124	124	153	153	172	220	219	261	131	135	130	130
OR130911_01_176	173	175	156	158	106	126	218	218	147	147	225	233	120	124	487	533	179	181	166	196	193	195	127	185	308	312	105	113	124	130	149	177	164	184	235	243	115	135	136	162
OR130911_01_177	173	173	154	158	92	104	221	221	151	157	217	237	124	127	309	373	159	171	164	190	193	193	173	199	300	304	117	129	130	130	153	193	164	192	235	243	131	143	136	138
OR130911_01_178	173	179	154	156	126	128	215	221	155	165	217	221	118	135	501	505	175	181	164	204	193	195	127	145	300	308	113	129	124	130	145	173	164	172	253	253	115	135	130	130
OR130911_01_180	173	179	158	168	92	102	212	221	157	161	233	237	120	129	505	511	159	159	164	212	193	193	135	223	308	308	105	113	124	130	145	153	164	224	247	261	131	131	130	142
OR130911_01_181	173	179	158	158	100	130	221	221	147	153	225	233	118	124	313	491	159	159	166	166	193	193	107	123	304	304	109	113	124	130	149	161	164	172	237	247	115	135	158	162
OR130911_01_183	173	179	154	154	92	152	212	215	151	153	217	221	120	137	309	313	159	165	166	170	193	193	127	235	300	316	109	109	124	124	139	149	160	204	213	251	131	135	138	142
OR130911_01_184	173	173	154	158	102	102	212	218	151	153	217	237	122	124	313	501	165	175	164	166	193	195	163	173	300	304	105	117	124	130	145	145	164	172	249	251	115	135	138	158
OR130911_01_185	173	173	154	154	92	130	224	227	147	149	225	225	127	131	505	515	159	159	164	164	195	195	123	179	300	300	105	109	120	130	139	145	160	172	221	235	115	139	136	162
OR130911_01_186	173	173	154	158	92	106	218	221	147	147	217	225	118	129	313	373	159	159	168	196	193	195	127	199	304	308	113	113	124	135	149	149	164	164	237	247	135	135	130	138
OR130911_01_187	173	173	154	154	92	126	215	218	175	227	225	233	120	122	373	491	159	163	182	194	193	195	155	199	288	300	113	117	124	130	153	153	164	192	235	243	123	131	138	138
OR130911_01_188	175	175	154	164	130	130	221	221	147	147	225	237	118	129	309	511	165	165	204	210	193	193	163	163	300	308	105	129	124	124	145	149	164	236	225	247	143	181	138	162
OR130911_01_189	173	175	154	158	92	104	221	224	153	173	221	233	118	137	373	511	167	171	164	188	193	193	135	185	308	308	105	113	124	124	115	149	172	208	237	251	115	115	136	162
OR130911_01_190	173	173	154	154	102	104	221	224	151	169	233	237	137	160	309	515	165	169	166	204	193	193	145	215	300	308	105	113	120	124	145	153	164	172	253	256	135	135	126	136
OR130911_01_191	173	173	154	154	90	90	218	221	153	153	221	225	118	122	313	377	165	167	164	166	193	195	145	199	300	308	105	113	124	140	149	149	164	208	227	245	115	131	138	138
OR130911_01_97	173	173	154	154	92	100	221	227	151	163	233	237	118	120	309	497	147	159	204	208	193	195	153	171	308	312	109	113	124	124	145	149	164	192	239	243	135	143	138	138
OR130911_01_98	173	173	154	158	104	140	215	221	136	151	233	233	118	124	309	511	159	159	166	196	193	195	219	231	308	308	109	133	124	130	153	161	164	200	245	253	115	131	144	144
OR130911_01_99	173	173	154	156	100	130	215	218	147	161	217	233	118	118	373	505	159	169	166	204	193	195	123	145	300	304	113	117	124	124	149	149	164	164	235	261	131	135	130	130
OR130911_01_192	173	173	154	154	110	130	215	224	147	159	225	225	120	137	309	393	159	173	166	170	193	195	153	199	300	308	117	133	116	124	149	149	172	172	227	255	131	135	136	136
OR130911_01_193	173	173	156	158	126	126	215	227	151	165	209	225	120	120	313	537	159	163	188	194	193	195	127	179	300	304	97	109	120	168	153	153	164	172	235	253	127	131	130	136
OR130911_01_194	175	175	154	156	92	130	212	224	147	147	233	233	120	127	377	515	163	165	168	208	195	197	145	173	300	304	97	97	124	124	145	173	164	192	251	263	131	139	136	162
OR130911_01_195	175	175	154	156	92	126	215	218	147	151	217	233	118	122	313	519	169	181	164	166	195	195	107	183	304	316	105	113	124	140	139	153	164	192	225	243	135	139	130	158
OR130911_01_196	175	179	154	156	104	118	212	221	151	157	233	237	118	120	313	377	159	175	164	168	193	193	135	153	300	304	109	113	116	130	161	177	216	220	249	253	115	135	138	138
OR130911_01_197	173	175	154	154	92	130	221	221	151	151	233	233	129	129	377	515	163	175	164	196	193	195	127	127	300	308	129	133	130	130	145	153	172	196	243	263	127	131	130	138
OR130911_01_199	173	179	154	154	92	130	224	248	151	153	217	233	124	129	313	359	161	161	166	168	195	195	127	215	300	304	113	117	124	124	145	145	196	212	255	256	123	131	136	142
OR130911_01_200	173	175	154	154	92	100	212	218	147	151	225	225	124	137	309	491	159	167	164	202	193	195	107	203	300	304	105	105	130	130	145	177	172	212	243	243	135	139	130	138
OR130911_01_201	173	173	154	156	92	130	221	224	151	157	233	237	118	131	301	309	159	173	164	164	193	193	153	179	300	300	109	113	130	130	161	177	164	172	223	255	127	127	136	158
OR130911_01_202	173	173	158	160	92	100	218	221	151	151	225	225	118	127	365	491	159	165	168	170	193	195	135	199	300	300	105	105	124	130	145	149	172	208	239	255	123	135	126	138
OR130911_01_203	173	173	154	154	92	130	212	224	149	151	225	225	118	120	373	377	159	159	164	194	193	193	127	199	300	312	109	133	124	130	145	153	164	216	227	267	115	123	138	138
OR130911_01_204	173	175	154	158	130	130	224	230	147	147	233	237	118	120	313	505	159	165	166	166	193	193	107	219	304	304	105	109	124	135	177	177	177	177	172	204	127	135	138	170
OR130911_01_205	173	173	156	156	102	106	221	245	151	151	217	217	120	137	309	505	159	165	166	210	193	193	123	123	308	308	97	113	124	124	145	153	164	164	243	255	127	135	130	162
OR130911_01_206	173	175	156	158	92	106	212	230	151	163	217	237	120	135	313	505	163	171	164	164	193	193	141	153	300	300	105	125	116	120	145	145	164	172	247	249	115	135	138	162
OR130911_01_207	173	173	154	154	92	104	215	218	147	147	217	233	129	142	309	377	159	175	164	166	193	193	127	199	300	300	109	117	124	124	153	153	164	164	253	261	135	139	130	158
OR130911_01_208	173	179	154	154	102	106	215	233	147	151	217	229	131	140	491	491	159	163	168	188	193	195	183	199	300	320	97	117	120	120	129	137	164	172	247	255	115	131	130	130
OR130911_01_209	177	179	154	154	92	102	215	224	153	169	229	241	120	137	313	511	159	169	166	200	195	195	127	183	300	304	97	105	124	130	115	153	164	212	235	237	127	131	138	158
OR130911_01_210	173	175	154	154	130	130	215	224	147	177	217	225	118	118	309	373	161	173	166	182	195	195	127	127	300	308	109	129	116	124	145	149	164	172	221	235	135	149	136	150
OR130911_01_211	173	173	154	160	100	100	224	224	151	165	209	225	120	127	393	505	167	179	166	188	193	195	107	199	300	304	105	113	124	124	145	153	164	228	259	267	135	135	130	130
OR130911_01_212	173	177	154	168	130	130	212	221	151	165	233	237	118	137	309	511	175	179	164	170	193	195	171	179	300	304	105	113	124	140	145	153	164	192	247	255	135	139	136	138
OR130911_01_213	173	173	154	158	100	100	224	227	151	153	225	233	118	118	377	491	165	165	170	170	193	195	127	163	300	308	105	133	124	130	139	145	164	172	223	255	123	139	130	130
OR130911_01_214	173	179	154	185	128	128	212	221	165	175	225	225	120	120	373	385	169	173	164	192	193	195	153	207	292	304	105	105	124	124	149	153	160	164	229	255	119	119	136	138
OR130911_01_215	173	175	156	160	92	130	206	224	147	147	225	225	118	118	377	491	171	181	166	170	193	193	215	219	300	308	105	117	120	124	139	145	164	164	221	253	123	131	126	130
OR130911_01_216	173	173	154	168	100	100	215	221	147	151	225	225	124	129	309	393	165	175	164	170	193	195	155	173	300	304	97	105	120	130	145	161	172	224	229	255	135	143	138	144
OR130911_01_217	173	175	156	158	102	130	212	218	151	161	221	225	122	135	309	313	165	191	164	188	195	195	131	185	300	304	105	117	124	130	139	149	164	212	225	247	119	135	138	162
OR130911_01_218	173	175	154	160	88	130	221	224	147	159	221	225	118	127	317	515	159	165	194	202	193	193	171	185	300	304	109	113	124	130	145	177	164	224	231	247	115	131	150	162
OR130911_01_220	173	173	156	158	102	130	215	227	147	147	217	233	129	142	373	505	165	167	166	208	193	195	203	207	304	308	105	117	124	130	153	153	164	164	221	269	135	135	130	142
OR130911_01_221	173	173	156	164	130	130	212	224	151	155	233	233	122	129	309	511	151	165	164	168	193	193	107	141	304	308	97	109	120	130	149	157	172	212	243	245	115	135	136	150
OR130911_01_222	173	175	154	168	102	104	212	212	147	147	221	237	118	135	373	501	159	167	164	212	193	195	131	155	300	304	97	125	124	130	137	139	164	172	245	247	115	127	136	158
OR130911_01_223	173	173	154	154	88	92	221	233	147	149	209	225	122	124	373	491	165	179	182	194	193	195	145	179	300	308	105	113	120	124	145	145	164	212	255	267	123	135	138	144
OR130911_01_224	173	185	154	168	98	130	221	224	149	177	225	229	122	122	309	373	159	159	166	190	193	195	123	159	300	316	101	109	124	124	123	139	164	176	229	237	127	131	150	150
OR130911_01_225	173	175	154	158	92	130	215	218	151	151	225	229	122	127	317	505	159	165	166	168	195	195	145	145	300	300	105	113	124	130	145	145	164	208	243	243	127	135	158	158
OR130911_01_226	173	173	154	154	100	130	221	245	147	163	233	237	118	137	511	533	169	171	166	216	193	193	183	183	304	308	105	113	124	130	149	153	164	212	239	247	115	135	138	138
OR130911_01_227	173	175	154	185	128	130	218	224	147	149	229	233	129	131	349	515	155	165	164	164	193	195	145	155	304	308	105	113	130	130	145	145	164	212	231	239	131	139	136	144
OR130911_01_228	173	173	154	154	92	92	215	221	161	179	233	233	122	137	309	309	165	167	168	168	193	193	123	171	304	308	97	113	124	124	153	153	172	220	237	251	131	135	138	144
OR130911_01_229	173	173	154	158	100	100	221	224	147	159	217	245	120	120	313	349	169	175	204	216	193	193	145	153	304	308	105	113	120	124	153	171	164	204	247	249	131	131	136	138
OR130911_01_230	173	173	156	164	92	102	224	224	147	155	229	237	118	135	309	373	169	173	166	166	193	195	127	211	300	304	105	113	124	130	149	149	164	172	219	243	119	139	138	150
OR130911_01_231	173	173	158	158	100	130	215	221	151	163	225	225	120	135	491	505	159	185	166	200	193	195	163	199	300	308	113	125	124	130	145	153	164	164	247	255	123	135	136	136
OR130911_01_232	173	179	154	158	92	102	215	221	149	151	209	233	118	118	373	491	169	171	164	166	195	195	127	179	300	304	97	133	124	130	139	145	164	164	221	253	123	135	126	130
OR130911_01_233	173	175	154	154	126	130	221	227	153	157	233	237	118	118	309	373	159	175	164	210	193	195	145	179	304	304	109	133	130	135	145	153	164	204	247	255	135	139	130	138
OR130911_01_234	173	173	154	158	92	102	221	224	157	165	225	229	120	124	309	373	169	169	166	188	193	195	127	219	300	300	113	113	120	124	153	153	164	172	229	247	131	135	138	158
OR130911_01_235	173	173	154	154	100	102	224	227	147	151	209	229	122	124	309	491	159	167	170	204	193	195	135	153	300	304	113	129	116	124	153	153	164	246	223	267	135	139	130	130
OR130911_01_236	177	181	156	164	100	130	250	264	147	167	253	253	116	116	299	405	143	161	168	170	193	197	107	135	304	304	89	89	124	130	165	183	164	164	199	199	131	161	132	132
OR130911_01_237	173	173	154	154	92	106	212	224	151	173	221	229	124	131	505	511	159	165	166	198	193	195	153	171	296	308	105	105	124	124	137	139	164	188	239	251	107	131	140	156
OR130911_01_238	173	175	156	156	92	100	218	224	147	153	233	233	118	124	309	377	163	165	164	204	193	195	135	185	304	308	105	109	124	130	145	161	164	164	235	251	123	131	138	158
OR130911_01_239	173	173	154	158	92	92	215	227	147	151	225	229	135	140	309	491	161	165	190	208	195	195	173	179	304	308	113	113	124	130	153	153	172	172	221	253	131	135	130	158
OR130911_01_240	173	173	154	158	92	102	218	221	151	163	233	241	127	137	309	381	159	159	164	172	193	193	119	173	288	300	109	133	124	124	129	153	164	164	209	243	139	139	132	152
OR130911_02_05	177	177	164	176	114	114	215	230	155	165	221	221	127	127	383	383	151	161	168	194	193	193	115	127	312	316	89	89	120	130	171	185	164	172	199	199	131	131	132	132
OR130911_03_01	173	173	154	154	92	144	215	224	147	151	225	225	118	118	313	511	159	163	166	190	193	195	127	219	304	304	105	133	124	130	139	153	172	220	209	229	115	135	130	164
OR130911_03_02	173	177	154	154	104	106	212	253	147	179	225	233	118	127	313	529	159	165	166	190	193	195	155	185	308	316	97	105	124	162	157	173	164	212	235	235	135	135	138	158
OR130911_03_03	173	173	156	172	92	104	221	224	147	151	229	233	124	129	309	373	159	163	164	164	193	193	127	173	300	304	117	117	120	130	153	153	164	172	219	261	131	135	138	142
OR130911_03_04	173	173	154	154	102	104	212	215	147	151	225	225	122	127	309	377	159	175	166	188	193	193	119	163	300	304	105	113	130	130	145	153	172	204	225	247	135	139	138	162
OR130911_03_05	175	177	156	156	92	96	221	224	147	151	241	249	116	118	405	409	143	143	168	172	191	193	119	145	304	312	89	89	124	124	165	191	164	168	199	199	119	139	156	156
OR130911_03_06	173	185	154	156	92	92	212	227	147	149	225	225	122	127	313	393	161	165	166	182	193	195	145	219	300	300	109	129	124	130	139	145	164	204	213	231	131	131	138	150
OR130911_03_08	173	173	154	156	102	130	212	224	151	153	209	237	118	118	309	373	165	165	168	168	195	195	153	185	300	300	109	109	124	130	129	177	208	236	243	267	127	139	144	158
OR130911_03_09	173	179	154	156	100	106	215	221	147	151	209	225	118	127	511	511	159	163	164	164	195	197	127	203	300	304	109	113	124	130	145	157	172	208	239	245	123	135	138	138
OR130911_03_10	173	173	154	154	128	128	215	245	147	155	217	233	118	120	313	321	159	169	170	196	193	193	179	199	304	308	113	133	124	130	153	161	164	164	221	261	131	135	136	138
OR130911_03_11	177	179	156	156	94	130	261	279	147	155	229	249	124	131	365	409	143	145	168	182	193	195	107	107	312	312	89	109	124	135	115	183	164	172	187	199	119	127	132	132
OR130911_03_12	173	179	154	154	126	154	212	221	147	153	225	225	118	124	373	511	165	167	170	190	193	193	135	199	288	300	105	113	130	130	145	153	164	172	229	243	135	135	136	136
OR130911_03_13	173	175	156	156	92	102	218	221	151	161	225	237	120	124	309	511	165	165	166	196	193	195	127	173	300	308	105	133	120	124	149	149	172	220	235	261	135	139	130	138
OR130911_03_14	173	173	154	156	92	100	218	230	147	157	225	225	118	120	373	501	169	175	192	208	193	195	119	127	304	308	101	117	120	130	129	139	164	172	235	261	127	135	130	130
OR130911_03_15	173	173	154	156	92	106	215	245	147	155	233	233	120	137	313	313	159	175	164	212	193	195	135	145	300	300	105	109	124	124	172	208	221	221	221	221	127	127	130	158
OR130911_03_16	173	173	154	158	92	102	224	227	149	153	233	233	118	120	373	515	159	175	164	202	193	195	127	171	300	316	101	117	124	130	153	165	164	176	251	267	115	131	130	144
OR130911_03_17	173	179	154	158	100	102	215	221	151	161	233	237	118	120	377	505	175	185	164	164	193	195	135	203	304	308	109	117	124	130	145	145	172	208	227	247	115	131	150	156
OR130911_03_18	173	173	156	158	92	130	221	224	147	151	217	217	118	127	309	519	169	173	164	196	195	195	127	191	300	304	109	113	124	130	145	145	164	172	243	267	115	131	130	162
OR130911_03_19	173	173	154	156	92	102	215	221	151	151	217	225	122	129	349	377	157	159	164	204	193	193	199	207	300	308	113	113	130	130	149	153	164	164	239	253	131	139	136	158
OR130911_03_20	173	173	154	154	92	102	221	221	147	151	217	229	118	120	309	505	167	173	166	214	193	195	179	199	300	316	97	113	124	124	145	161	164	164	235	253	115	139	138	142
OR130911_03_21	173	173	154	156	88	92	212	221	147	153	233	233	118	122	309	511	165	173	198	210	193	197	195	203	300	300	105	113	124	124	145	145	172	236	247	251	135	135	136	144
OR130911_03_22	173	177	154	154	104	130	224	224	147	149	225	225	120	124	313	491	159	165	178	208	193	193	119	199	300	308	117	117	120	120	139	153	204	208	251	261	119	127	144	162
OR130911_03_23	175	175	154	156	92	126	215	221	151	177	221	233	127	142	309	511	165	173	164	166	195	195	159	167	304	304	109	113	124	124	129	149	172	204	243	267	115	131	138	150
OR130911_03_24	173	179	154	154	106	106	224	224	147	151	217	225	118	124	353	377	165	169	166	168	193	193	135	153	300	304	113	117	124	130	145	145	172	220	235	245	135	143	130	144
OR130911_03_25	173	175	154	154	102	130	221	224	149	151	233	237	118	129	397	511	159	169	166	166	193	195	171	231	300	300	105	133	124	130	145	153	164	208	227	255	131	135	138	144
OR130911_03_26	173	173	154	154	100	130	224	236	149	151	209	237	129	140	309	313	159	159	190	190	193	195	119	145	300	308	105	133	124	124	161	161	172	192	245	253	135	139	138	150
OR130911_03_27	173	177	154	158	100	130	206	218	151	161	221	237	118	122	397	515	169	171	166	188	193	195	145	153	304	304	105	113	124	124	129	153	164	164	235	237	115	131	138	158
OR130911_03_28	177	181	154	156	102	130	215	239	147	149	209	217	118	131	395	413	149	167	168	198	193	197	111	119	308	320	89	105	135	140	157	165	168	168	187	199	119	135	132	158
OR130911_03_29	173	173	154	154	100	130	212	230	151	151	225	229	118	137	377	537	159	159	200	208	193	195	127	215	300	308	129	133	120	124	153	153	172	220	223	233	135	135	138	138
OR130911_03_30	177	179	164	164	106	114	215	245	147	151	217	225	116	116	305	383	143	157	168	168	193	193	107	107	304	316	105	121	130	140	157	193	164	164	199	199	127	139	156	158
OR130911_03_31	173	177	154	154	92	106	212	218	151	171	237	237	127	127	309	309	159	173	166	188	193	195	153	195	292	312	105	113	124	135	149	149	172	224	247	255	131	135	130	136
OR130911_03_32	173	177	154	154	90	90	212	221	151	151	225	225	118	120	373	537	159	165	170	190	193	193	179	179	304	304	113	113	124	130	137	145	160	164	209	243	119	139	138	144
OR130911_03_33	173	173	154	158	102	106	212	218	151	151	217	225	120	124	309	313	159	185	170	194	193	195	171	179	300	304	105	129	124	124	145	157	164	228	221	229	135	143	136	138
OR130911_03_34	181	181	146	158	130	130	215	224	161	161	241	241	118	135	299	369	153	159	168	190	193	193	107	107	308	316	97	105	130	140	153	173	168	172	199	199	127	135	132	158
OR130911_03_35	173	173	154	158	130	130	215	227	149	151	209	229	118	120	491	505	159	159	166	188	193	195	155	223	300	304	105	113	124	130	137	177	164	172	213	261	131	135	130	138
OR130911_03_36	173	173	154	158	102	128	221	224	151	155	225	225	120	122	491	491	159	167	164	166	193	193	123	123	300	336	113	129	124	130	145	157	164	172	221	245	115	131	138	158
OR130911_03_37	173	173	156	168	92	106	212	218	147	151	233	237	118	127	497	501	171	175	164	164	193	193	179	185	300	304	109	129	124	124	153	203	204	204	223	235	135	143	126	138
OR130911_03_38	173	175	154	168	102	132	221	227	149	155	217	217	122	124	373	505	165	177	164	194	193	195	163	207	300	304	101	105	124	124	145	145	164	196	249	257	135	143	136	150
OR130911_03_39	173	173	154	154	92	100	218	218	151	157	225	233	120	129	373	373	159	165	164	164	193	193	155	171	300	300	117	129	124	130	149	149	208	236	261	263	135	139	136	138
OR130911_03_40	181	181	156	180	92	128	236	239	147	151	217	237	116	137	405	409	153	163	168	190	193	201	107	141	308	332	89	89	120	140	153	165	164	164	187	199	135	139	132	132
OR130911_03_41	173	173	154	154	130	130	215	218	151	157	217	217	124	131	491	511	165	165	166	166	193	193	119	119	300	304	105	105	124	124	145	145	164	204	221	253	131	135	126	150
OR130911_03_43	173	173	154	154	100	100	215	221	151	161	209	217	124	131	309	313	165	165	166	196	193	195	127	173	300	300	105	109	124	124	153	153	164	204	229	249	115	143	138	158
OR130911_03_44	181	181	154	156	132	132	215	224	147	157	221	249	116	131	365	417	147	157	188	194	193	193	107	167	300	304	89	109	124	152	164	164	199	199	199	199	127	135	132	132
OR130911_03_45	173	175	154	154	92	102	215	224	147	151	225	225	120	129	309	393	159	175	170	190	193	193	115	199	288	300	97	105	124	124	145	145	164	164	235	243	115	135	130	144
OR130911_03_46	173	173	158	158	92	102	215	218	151	151	209	225	118	124	373	511	169	185	190	214	193	193	145	231	300	300	101	113	120	124	145	149	164	172	223	269	115	143	136	150
OR130911_03_100	173	173	156	160	92	98	218	221	147	147	233	237	118	135	373	511	159	159	196	196	193	197	127	195	300	300	101	105	124	130	149	177	164	172	221	243	115	135	136	138
OR130911_03_101	173	173	154	154	128	128	218	221	147	175	225	225	118	127	309	491	159	165	186	200	193	193	107	171	300	304	97	105	130	168	149	153	164	212	225	227	115	135	130	138
OR130911_03_103	173	173	158	158	102	126	221	221	136	153	217	225	120	131	511	519	159	185	188	214	193	193	127	183	300	300	105	113	124	130	139	145	164	172	235	243	135	139	136	158
OR130911_03_104	177	179	156	160	92	104	215	221	151	151	237	237	118	129	309	373	165	169	168	216	193	195	135	135	300	300	101	129	120	130	145	149	160	220	229	231	131	139	130	136
OR130911_03_105	173	173	154	158	102	130	218	221	147	151	217	217	118	118	377	397	165	167	164	188	193	195	127	127	292	300	105	109	124	124	157	157	164	164	253	255	115	131	138	138
OR130911_03_106	173	175	154	160	92	102	221	221	147	151	225	245	120	135	373	491	159	167	192	210	193	193	135	203	300	300	101	129	124	124	161	161	172	204	243	253	115	139	138	138
OR130911_03_107	173	173	158	158	92	102	224	224	151	175	221	237	118	124	377	491	165	167	164	192	193	195	191	191	304	308	105	113	124	130	115	145	164	172	221	229	139	139	136	158
OR130911_03_108	175	175	154	154	100	106	215	221	136	157	233	233	132	137	491	511	165	169	166	202	193	193	135	173	304	304	133	133	124	124	153	153	192	200	243	247	131	135	136	138
OR130911_03_109	175	177	154	158	92	92	256	273	151	175	217	217	120	137	373	377	159	175	170	212	193	195	131	159	300	312	105	113	124	130	139	145	164	212	243	267	135	135	130	140
OR130911_03_112	173	179	154	160	102	130	221	227	167	167	217	233	122	127	309	313	165	165	166	168	193	195	107	111	300	300	105	109	130	140	145	145	164	164	237	255	131	153	136	158
OR130911_03_113	173	179	154	172	92	130	215	221	147	151	225	225	124	135	309	309	165	175	210	214	193	195	119	123	304	308	113	113	130	130	145	149	164	232	221	221	135	139	138	138
OR130911_03_114	173	173	154	158	102	106	215	221	147	151	225	225	124	131	397	515	159	159	164	216	193	193	127	179	304	308	101	129	124	130	149	149	164	172	247	269	123	139	136	138
OR130911_03_115	173	173	156	156	102	130	215	221	155	161	217	233	118	120	373	373	165	173	166	210	193	195	171	179	304	308	109	133	124	124	145	149	172	172	221	243	135	139	138	138
OR130911_03_116	173	173	158	158	92	100	215	221	175	179	217	217	118	131	309	313	169	169	164	170	193	193	135	203	300	308	129	129	124	130	145	149	164	172	235	255	131	135	136	144
OR130911_03_117	173	173	154	158	128	128	221	224	151	153	209	233	122	131	373	393	159	169	164	202	193	193	163	185	300	300	97	105	124	130	145	157	164	220	221	267	135	139	144	158
OR130911_03_119	173	173	154	154	106	126	218	221	151	169	237	237	118	120	313	349	165	181	164	216	193	197	163	173	300	304	117	129	120	124	149	153	164	216	235	247	119	135	136	136
OR130911_03_120	173	173	154	154	128	128	218	245	159	229	233	241	124	131	309	385	165	165	166	168	193	193	159	163	300	312	101	109	120	124	145	145	164	176	243	267	115	131	136	138
OR130911_03_122	173	175	154	156	100	106	218	221	151	153	225	225	118	142	491	515	159	167	164	170	193	195	145	173	300	304	113	117	120	124	145	145	172	232	209	247	115	131	130	144
OR130911_03_124	177	179	154	160	100	130	218	224	147	147	201	225	118	120	309	377	159	159	166	196	193	193	155	155	300	300	117	137	124	130	145	181	164	164	239	255	143	157	138	138
OR130911_03_125	177	177	154	158	88	118	215	245	144	149	253	253	116	131	353	357	159	167	172	174	193	199	115	153	304	340	89	89	124	130	153	173	164	172	199	201	123	135	132	156
OR130911_03_127	173	185	154	158	92	130	227	248	149	153	237	245	118	120	515	519	167	167	164	226	193	193	119	163	304	304	105	113	124	135	149	153	160	164	223	243	119	139	138	138
OR130911_03_128	173	175	154	154	92	98	212	224	151	165	209	225	118	118	313	491	159	169	164	192	195	195	127	127	300	300	105	113	124	124	149	153	164	212	239	255	115	131	136	138
OR130911_03_129	173	175	154	156	126	130	224	224	147	159	225	233	120	124	377	537	151	177	164	204	195	195	141	219	300	300	105	117	124	124	139	149	172	212	219	265	115	131	144	162
OR130911_03_130	173	175	154	156	92	130	215	230	151	161	225	233	120	135	309	511	163	165	164	166	193	195	127	167	308	308	109	113	130	130	161	161	164	164	237	259	135	149	138	138
OR130911_03_131	173	173	154	154	130	130	206	215	151	151	209	229	120	142	309	511	151	167	166	166	193	195	127	127	300	308	109	129	124	135	145	145	172	200	247	251	131	135	138	138
OR130911_03_132	173	173	154	156	90	102	212	215	149	153	217	217	120	140	309	515	165	175	190	216	193	195	171	199	304	304	105	141	124	130	145	145	160	164	221	245	131	139	142	158
OR130911_03_133	179	181	156	156	94	130	215	227	151	169	233	249	116	116	413	421	143	153	168	172	193	199	107	115	316	316	97	125	124	130	153	165	153	165	164	168	123	139	132	136
OR130911_03_135	173	173	154	154	102	106	221	224	151	153	221	225	118	118	313	373	159	161	164	164	193	193	123	173	300	300	113	117	124	124	137	137	164	232	247	269	119	135	138	146
OR130911_03_136	173	173	154	154	130	134	221	224	149	149	221	225	118	120	373	497	173	183	182	190	193	195	131	207	300	304	113	117	120	124	145	145	164	228	223	243	123	143	136	138
OR130911_03_137	177	181	156	160	120	128	227	233	147	147	221	221	116	131	353	397	143	145	188	190	193	203	107	123	308	344	89	89	120	135	145	193	168	172	199	199	123	131	134	158
OR130911_03_138	173	179	154	156	100	102	218	227	149	151	221	225	118	132	309	373	167	171	190	220	193	195	171	203	300	316	101	101	124	146	131	131	164	164	255	255	135	143	138	138
OR130911_03_139	177	183	156	156	96	118	233	250	149	151	229	233	116	131	383	409	149	155	168	192	193	193	107	111	312	312	89	105	135	135	161	165	164	164	187	199	123	143	132	132
OR130911_03_140	179	181	156	156	96	128	215	233	147	165	217	233	129	131	353	383	145	149	170	192	193	195	123	153	308	312	89	101	130	135	177	183	168	180	199	199	131	139	132	156
OR130911_03_141	173	175	154	160	92	102	212	215	147	147	225	225	124	129	373	491	165	167	164	210	193	195	199	231	300	308	105	105	124	124	145	149	164	164	243	243	131	131	126	136
OR130911_03_47	175	177	156	158	112	114	224	227	157	161	229	245	116	116	365	397	149	155	168	172	193	193	107	107	300	308	89	109	124	135	145	165	164	164	199	199	123	131	128	132
OR130911_03_48	173	173	154	185	92	102	221	221	155	175	233	237	118	124	309	511	163	173	166	168	193	195	99	173	300	300	105	113	124	124	145	145	200	212	251	255	135	135	150	158
OR130911_03_49	173	175	154	154	130	130	221	221	151	159	217	237	135	144	309	505	159	159	164	164	193	195	135	135	304	308	113	129	124	124	153	161	164	164	235	237	127	139	136	162
OR130911_03_50	173	173	154	156	106	132	221	224	147	147	225	241	124	131	313	373	159	165	166	196	193	195	127	127	300	304	105	129	130	130	139	145	172	240	253	267	115	115	138	164
OR130911_03_51	173	173	154	185	92	102	212	224	147	149	217	237	118	129	497	505	151	169	168	194	195	195	173	199	300	300	113	117	124	124	145	145	164	172	253	255	135	139	150	180
OR130911_03_52	173	177	154	158	106	112	224	224	149	149	241	245	127	131	373	491	161	169	202	224	195	195	127	191	304	304	97	113	130	130	223	223	160	164	221	237	119	131	130	156
OR130911_03_53	173	175	154	168	100	130	215	227	149	151	237	237	118	124	309	373	161	163	164	166	193	195	135	185	300	304	97	105	124	124	115	145	164	164	237	251	115	135	136	138
OR130911_03_55	173	177	154	156	102	130	224	224	147	151	233	237	124	127	313	349	165	173	170	170	195	195	141	207	300	304	105	113	124	124	145	145	164	172	247	253	115	135	136	144
OR130911_03_56	177	181	156	156	130	130	233	267	147	165	217	233	116	124	409	417	163	167	174	188	193	193	107	119	312	320	89	117	130	135	131	149	160	164	199	199	135	143	132	158
OR130911_03_57	173	173	154	156	102	102	215	227	147	155	209	217	118	129	313	377	159	159	166	182	193	193	127	167	300	304	101	105	124	124	145	149	164	164	221	267	115	115	138	138
OR130911_03_58	173	175	154	154	92	104	218	224	177	177	233	233	118	137	321	501	159	163	164	166	193	193	153	167	300	304	105	117	124	124	145	161	200	228	227	237	135	139	138	138
OR130911_03_59	173	173	158	158	102	106	224	230	147	175	233	233	120	120	313	505	165	169	166	170	193	195	135	173	304	304	113	113	120	130	149	177	172	204	221	245	119	131	136	144
OR130911_03_60	173	173	156	160	98	102	215	221	149	153	209	221	118	118	309	497	159	169	164	166	193	195	185	199	300	308	105	105	124	124	145	153	172	172	231	231	135	135	138	138
OR130911_03_61	173	173	156	168	92	102	215	224	147	157	221	225	124	127	373	373	159	169	164	166	193	195	135	145	304	304	105	113	120	124	149	157	164	204	243	256	127	139	126	126
OR130911_03_63	173	177	154	160	126	130	218	218	151	177	209	225	118	120	309	385	161	161	176	210	193	195	135	179	300	304	105	113	124	124	157	157	164	228	245	245	123	131	138	158
OR130911_03_64	173	173	156	158	128	128	215	224	151	151	217	221	129	135	313	533	159	165	164	166	193	195	159	215	288	300	97	105	120	124	139	145	164	200	235	245	139	139	126	138
OR130911_03_65	173	173	156	156	92	130	221	224	151	175	217	245	118	142	505	511	159	165	168	216	193	195	127	135	304	308	113	117	124	124	153	153	204	208	253	255	131	135	138	144
OR130911_03_66	179	179	156	156	96	98	215	233	147	151	229	261	122	129	413	413	157	167	176	190	193	193	127	153	304	312	89	101	120	120	199	199	164	168	183	193	127	131	156	156
OR130911_03_67	173	175	154	154	102	130	224	227	153	223	221	237	137	160	373	505	159	175	192	208	193	193	135	179	304	308	97	125	124	124	145	145	164	164	235	267	131	139	130	150
OR130911_03_68	173	173	156	156	92	100	212	224	147	175	221	221	122	127	373	373	167	179	164	166	193	193	127	127	304	308	101	105	124	130	149	153	164	212	225	255	135	135	138	164
OR130911_03_69	173	175	154	154	130	130	221	227	147	151	209	233	118	120	373	491	163	165	164	204	193	195	127	127	304	304	113	113	124	124	137	145	172	232	255	255	115	131	130	144
OR130911_03_71	175	177	154	158	92	130	221	221	151	157	229	233	118	120	369	393	151	159	194	196	195	195	155	223	300	304	113	129	124	130	153	153	164	204	221	225	131	135	150	162
OR130911_03_72	173	175	144	156	128	128	215	224	149	153	237	237	122	137	505	533	167	169	166	166	193	193	153	155	300	300	113	117	124	124	153	153	164	172	245	255	131	135	138	146
OR130911_03_73	173	173	154	156	92	92	215	215	151	175	233	245	120	122	309	519	159	165	164	212	195	195	127	135	300	300	105	105	124	124	149	171	172	172	255	259	131	139	138	144
OR130911_03_74	173	179	154	154	92	102	224	224	149	151	233	237	120	122	491	511	159	159	164	210	193	195	163	173	300	304	109	117	130	130	161	161	172	204	219	267	115	131	138	162
OR130911_03_75	173	173	158	160	92	106	215	224	147	151	209	221	118	120	377	385	165	171	168	192	193	195	123	135	300	304	109	113	120	124	153	153	164	220	247	255	135	135	138	158
OR130911_03_76	173	179	154	158	92	126	218	230	147	151	229	229	120	120	377	505	159	165	164	164	193	195	153	199	304	304	117	125	124	130	149	157	164	164	221	251	119	135	126	136
OR130911_03_77	173	173	154	156	102	130	212	221	147	151	233	233	127	127	511	515	159	185	164	168	195	195	183	185	304	308	109	113	124	124	145	149	164	204	221	233	119	127	130	136
OR130911_03_79	173	179	156	156	92	102	218	221	147	167	221	233	120	135	377	381	145	157	176	188	193	195	195	211	300	300	97	113	130	130	145	145	164	164	229	259	111	143	144	158
OR130911_03_80	173	173	154	154	102	130	218	248	151	153	209	225	120	160	397	511	159	185	164	166	195	195	127	127	300	304	117	133	120	130	145	153	164	208	255	259	139	143	130	142
OR130911_03_81	173	175	154	158	92	106	224	250	147	147	221	233	118	129	309	373	159	165	166	168	195	197	145	183	300	308	97	133	124	130	149	153	192	192	237	253	131	131	136	162
OR130911_03_82	173	175	154	154	92	106	212	224	153	161	209	225	120	122	313	385	157	163	166	170	193	193	127	191	300	300	101	113	120	124	171	171	164	172	243	261	135	135	130	138
OR130911_03_83	175	175	154	154	92	102	218	245	153	175	225	233	118	120	373	389	151	165	170	194	193	197	155	155	300	300	97	113	124	130	145	149	164	220	227	233	115	135	158	158
OR130911_03_84	173	173	154	156	92	126	221	224	147	151	233	233	124	124	373	505	159	159	170	208	193	195	119	199	304	304	105	105	124	130	145	145	164	172	245	256	131	135	158	162
OR130911_03_85	177	177	154	156	102	102	224	264	147	175	225	229	122	131	309	519	159	175	188	190	193	195	123	171	304	308	97	105	124	124	149	161	164	172	235	235	123	135	144	156
OR130911_03_87	173	173	156	156	130	130	218	224	151	151	225	225	120	120	317	511	159	167	164	170	193	195	179	185	300	304	105	109	124	124	145	145	164	164	253	261	135	135	138	158
OR130911_03_88	173	175	144	158	92	130	215	221	147	153	217	237	118	120	313	373	163	171	164	216	195	195	131	171	300	304	113	113	120	124	129	177	172	208	255	267	127	139	130	142
OR130911_03_89	173	173	154	156	98	104	221	248	149	151	225	229	120	137	313	373	161	165	196	204	193	195	171	239	300	308	109	113	124	124	149	153	164	164	221	247	115	143	138	142
OR130911_03_90	173	173	154	154	92	130	215	221	147	149	217	237	124	140	309	373	167	185	170	218	193	193	145	199	300	300	105	105	124	124	153	171	204	212	235	253	123	153	138	138
OR130911_03_91	173	173	154	154	92	102	212	215	151	151	225	225	120	124	373	491	159	169	166	188	193	193	127	135	304	304	129	133	120	124	145	161	164	164	221	243	135	135	158	162
OR130911_03_92	177	179	156	156	122	130	224	258	157	157	233	261	118	124	305	413	151	163	168	170	193	197	107	107	308	312	89	101	124	130	131	149	164	164	201	201	127	139	132	156
OR130911_03_93	173	173	154	156	92	102	218	224	147	149	225	233	118	131	309	515	165	167	166	196	193	193	135	171	300	308	117	133	130	130	149	153	164	208	233	241	135	139	130	142
OR130911_03_95	173	175	154	156	92	92	224	236	147	147	217	225	118	120	373	537	159	181	164	204	193	193	145	219	304	304	109	125	124	130	145	153	208	228	221	263	115	131	130	136
OR130911_03_96	173	177	164	172	128	128	224	224	151	155	233	237	122	137	309	313	151	173	166	166	193	193	171	199	300	308	101	109	130	130	137	153	164	208	237	251	135	135	138	138
OR130911_03_97	173	173	154	154	106	106	215	221	147	177	221	225	118	140	321	491	159	163	192	194	193	195	179	203	300	300	105	109	124	130	137	157	164	208	219	241	123	131	130	138
OR130911_03_98	173	177	154	156	128	128	215	221	147	147	217	217	122	124	505	505	165	181	196	210	193	195	119	163	304	308	113	117	124	124	137	145	164	172	223	247	115	143	144	156
OR130911_03_99	173	173	154	158	92	130	212	221	136	151	225	237	118	118	309	515	167	185	166	216	195	195	159	203	300	308	113	117	124	130	153	153	172	176	235	245	131	139	136	150
CF130911_01_01	173	173	158	158	92	130	221	221	151	153	225	225	118	140	377	511	151	169	164	170	193	195	153	171	300	308	105	113	120	130	145	153	164	220	221	267	115	135	130	138
CF130911_01_02	173	177	154	156	92	130	212	224	147	157	217	233	118	122	309	373	151	165	170	196	193	195	167	219	300	304	101	113	124	124	139	185	164	208	225	235	115	135	136	138
CF130911_01_03	173	177	154	168	106	130	215	221	147	147	237	237	118	122	377	377	165	169	164	220	193	195	153	167	304	308	109	113	124	124	145	145	164	224	225	255	119	135	136	162
CF130911_01_04	173	173	154	156	106	106	212	221	147	147	209	225	118	122	309	377	159	185	200	214	193	193	135	173	304	308	113	133	124	130	149	153	164	164	253	267	115	131	130	150
CF130911_01_05	173	173	156	158	92	130	218	224	147	151	237	237	118	118	373	505	165	171	164	188	193	193	171	171	300	304	97	129	120	130	139	149	164	172	221	243	131	135	130	138
CF130911_01_06	173	173	154	154	100	100	215	245	147	147	217	221	129	140	377	393	165	165	164	196	193	193	127	215	308	308	109	109	124	130	139	145	164	212	231	245	115	135	130	158
CF130911_01_07	177	179	146	146	114	130	215	233	147	151	249	249	124	132	413	417	143	147	168	192	199	199	107	107	316	320	89	101	130	130	199	199	164	168	171	177	127	149	132	132
CF130911_01_09	177	177	158	168	92	92	221	221	149	151	225	237	118	127	377	511	159	179	164	166	193	193	145	185	300	320	105	113	124	130	149	161	164	196	231	255	139	149	136	138
CF130911_01_10	173	173	154	154	128	128	212	224	153	167	209	225	120	135	317	373	161	169	166	204	193	195	135	223	292	300	105	113	120	130	149	149	164	172	235	253	115	135	150	158
CF130911_01_11	173	173	154	160	92	100	221	230	147	151	225	229	120	127	377	393	159	167	164	190	193	195	171	223	288	300	109	113	120	124	149	149	164	164	219	245	131	143	130	144
CF130911_01_13	173	173	154	154	126	130	218	233	151	151	213	237	122	131	309	313	165	175	164	188	193	195	135	145	304	308	109	117	124	124	145	145	164	208	255	255	127	131	136	138
CF130911_01_14	173	177	154	156	104	104	212	215	147	151	225	225	122	137	309	491	159	159	194	196	193	193	119	185	300	300	105	105	120	124	139	145	164	220	247	255	135	135	138	138
CF130911_01_15	173	173	154	154	130	130	221	230	149	213	217	233	127	129	309	505	163	175	190	208	193	193	131	199	304	308	105	133	124	124	123	161	172	192	249	251	131	139	134	138
CF130911_01_16	177	179	156	156	126	126	215	218	147	147	225	225	116	124	365	405	145	151	170	170	193	193	127	131	300	312	89	97	130	130	165	183	164	172	199	199	127	135	132	132
CF130911_01_18	177	177	154	154	104	130	218	224	147	175	217	237	122	124	313	381	169	185	164	166	195	195	119	179	300	300	109	133	124	130	145	153	164	176	243	247	107	135	152	158
CF130911_01_19	181	183	156	156	128	132	215	215	147	147	241	245	116	116	357	397	151	155	168	190	193	193	103	107	308	316	89	101	124	135	149	157	164	164	199	199	115	123	132	156
CF130911_01_20	173	173	158	168	100	100	215	221	151	155	229	237	129	137	377	377	159	159	164	216	195	195	127	215	300	304	105	113	120	124	139	145	164	164	221	255	131	139	138	156
CF130911_01_21	173	173	154	154	130	130	212	221	147	161	233	233	124	124	491	537	163	165	166	188	193	193	127	199	300	308	105	113	120	130	115	153	115	153	172	172	115	139	136	162
CF130911_01_22	173	173	154	154	92	130	212	224	147	151	221	225	118	120	309	537	163	165	172	196	193	193	183	191	304	304	105	133	124	130	145	149	172	200	221	227	131	139	136	158
CF130911_01_23	173	175	158	178	90	90	215	218	151	153	217	233	124	137	309	313	163	175	164	166	195	195	199	219	304	304	105	109	124	124	183	183	164	204	247	267	127	149	136	144
CF130911_01_24	173	173	154	156	92	126	224	245	147	147	209	233	114	120	377	533	163	165	166	190	195	195	127	153	300	300	113	117	120	124	149	171	164	172	256	261	119	149	130	138
CF130911_01_25	173	173	154	156	128	128	218	242	151	153	217	245	120	129	373	511	159	159	164	164	193	195	123	135	308	308	97	105	120	120	145	145	164	164	235	235	123	131	136	138
CF130911_01_26	173	177	158	170	130	130	215	227	147	151	217	233	118	118	313	515	167	169	164	210	193	195	127	199	300	304	105	109	124	130	145	149	164	172	221	227	115	115	136	152
CF130911_01_27	173	173	156	156	92	92	215	221	147	151	233	237	140	160	317	511	171	175	194	196	193	193	173	199	300	308	105	105	120	124	153	153	164	200	223	235	131	135	130	162
CF130911_01_28	173	175	158	164	100	102	221	224	147	157	209	225	118	122	349	505	159	165	166	188	193	195	127	171	308	308	105	113	120	124	153	173	164	216	231	247	131	135	138	158
CF130911_01_29	173	173	154	154	92	126	212	215	151	165	225	237	122	129	373	377	155	181	166	192	193	197	123	127	300	304	105	113	124	124	129	149	164	172	239	239	131	143	136	138
CF130911_01_30	173	177	154	156	92	102	218	221	147	159	233	233	122	137	309	505	165	165	176	192	193	193	145	199	304	308	105	113	124	140	145	145	164	172	221	237	115	135	156	162
CF130911_01_31	173	175	154	154	130	130	215	221	147	157	225	233	129	140	373	515	159	159	164	166	193	193	199	199	300	300	105	113	120	130	129	149	164	172	221	227	139	189	126	136
CF130911_02_01	177	177	164	176	130	130	233	261	147	161	221	225	124	124	379	405	157	163	188	196	193	203	107	123	312	316	89	109	124	124	149	173	164	164	199	199	135	135	132	132
CF130911_02_02	177	177	156	160	100	106	221	236	151	151	217	253	120	135	397	413	157	167	172	192	197	199	119	123	308	312	89	109	120	124	177	177	172	172	187	199	131	131	132	158
CF130911_03_02	177	181	156	160	128	128	215	230	149	153	221	253	116	129	361	405	155	163	168	174	193	193	107	107	312	324	89	89	124	124	149	165	164	164	199	199	123	143	132	156
CF130911_03_03	179	181	156	158	114	114	224	233	151	161	217	241	127	140	383	397	147	149	174	192	193	193	107	107	300	312	89	93	130	135	153	171	164	164	187	199	135	139	156	156
CF130911_03_04	177	179	156	156	96	158	230	230	157	161	217	233	124	137	353	413	149	167	170	190	193	193	107	131	312	312	89	97	130	152	153	173	164	164	199	199	123	131	130	156
CF130911_03_05	177	177	154	156	108	130	215	218	147	149	217	249	116	124	393	409	143	143	170	172	193	193	107	111	300	308	89	89	124	124	145	171	164	168	199	199	119	123	134	156
OR130911_04_27	173	173	154	154	92	102	215	218	149	151	225	225	120	124	309	505	159	165	166	170	193	193	179	231	300	308	113	117	124	135	139	153	164	228	243	267	127	149	136	138
OR130911_04_28	173	177	154	156	128	128	230	250	151	155	213	237	131	137	309	309	159	169	190	196	193	195	131	135	300	316	101	105	124	124	129	145	164	200	239	245	123	135	136	140
OR130911_04_29	173	173	154	154	92	102	224	224	153	155	237	237	118	135	313	505	165	175	164	166	193	193	119	203	288	300	113	117	120	124	145	149	164	164	245	259	131	131	144	150
OR130911_04_30	173	173	154	156	88	92	215	218	149	151	217	233	124	124	309	515	165	173	166	190	193	195	153	199	304	308	113	117	124	124	145	145	164	232	221	243	115	135	136	136
OR130911_04_31	173	185	154	172	128	128	218	245	151	161	217	233	120	122	313	511	159	167	170	208	193	195	119	153	308	312	101	113	124	124	145	149	164	164	231	267	135	149	138	142
OR130911_04_32	173	175	154	158	92	130	224	224	151	177	217	233	118	120	313	505	159	175	164	166	193	195	127	179	300	300	105	113	124	130	145	145	164	172	221	221	135	135	138	144
OR130911_04_33	177	181	156	156	118	122	215	221	147	163	225	229	116	129	349	457	143	159	168	174	193	193	107	153	316	328	89	89	124	124	177	183	164	180	199	199	123	131	156	156
OR130911_04_34	177	177	166	166	94	110	221	250	161	161	221	253	116	127	413	417	155	161	170	170	191	199	107	111	308	328	89	89	124	135	183	193	164	168	187	199	127	157	132	132
OR130911_04_35	177	181	160	160	118	128	215	258	147	161	213	225	116	116	365	385	155	163	168	168	193	193	107	145	300	316	89	89	124	124	147	171	164	164	199	199	123	135	132	158
OR130911_04_36	177	177	156	156	126	126	224	236	147	147	217	225	116	124	383	417	147	165	170	190	193	199	107	107	304	316	89	105	120	124	139	173	164	172	199	199	123	131	132	156
OR130911_04_37	173	173	154	156	100	100	224	224	149	151	233	237	120	132	309	505	165	167	164	196	193	193	135	171	300	304	105	105	124	124	145	149	164	172	237	247	123	139	130	138
OR130911_04_38	173	173	154	168	92	102	224	227	147	149	225	229	118	118	377	491	163	165	164	192	193	195	135	141	304	316	97	113	120	124	139	171	172	204	245	247	131	131	130	158
OR130911_04_39	177	181	146	146	130	136	224	227	147	147	217	237	116	129	367	397	145	167	168	174	193	193	107	107	300	316	105	109	130	135	183	183	164	164	199	199	119	131	132	156
OR130911_04_40	173	175	154	154	92	102	218	245	167	167	209	237	120	124	505	519	163	167	166	170	193	201	127	191	304	304	109	113	124	124	149	185	164	164	223	245	131	149	126	162
OR130911_04_41	173	175	154	154	128	128	212	221	151	151	233	237	118	122	373	505	159	165	164	166	193	193	171	199	304	308	109	113	124	124	145	145	204	208	243	253	131	131	144	150
OR130911_04_42	173	179	154	154	92	130	215	221	147	147	217	221	118	122	309	353	163	185	164	204	195	195	123	127	300	300	113	117	124	130	153	153	192	212	221	243	115	123	136	138
OR130911_04_43	175	181	152	152	126	130	239	248	144	167	205	229	116	118	375	393	153	155	172	196	193	199	107	119	304	320	89	89	124	124	149	177	164	176	199	199	127	135	158	158
OR130911_04_44	173	173	154	154	92	104	215	218	147	159	233	233	118	129	309	309	163	165	164	166	195	195	127	135	300	304	109	129	124	130	149	153	172	240	221	259	135	143	138	150
OR130911_04_45	173	175	154	158	92	106	215	221	155	165	213	237	118	120	511	515	163	165	166	194	193	197	123	153	300	308	129	133	124	130	161	161	172	172	221	251	135	135	130	162
OR130911_04_46	177	183	152	152	122	122	221	233	151	171	217	217	116	118	305	387	147	163	168	168	191	193	103	107	304	316	89	89	124	135	153	183	164	164	199	199	127	131	132	158
OR130911_04_47	173	173	154	158	102	130	212	221	147	161	221	225	118	118	393	491	161	167	166	188	193	195	183	185	300	316	109	129	124	130	145	149	164	216	231	247	135	139	130	142
OR130911_04_48	177	181	156	156	114	114	233	267	147	147	241	241	127	137	365	413	147	167	168	176	193	193	107	119	304	308	89	89	124	130	173	185	168	172	187	199	131	135	132	132
OR130911_04_49	173	185	154	154	92	104	212	224	147	151	225	225	120	122	373	373	155	159	166	188	195	195	127	203	300	300	109	129	124	130	137	149	164	172	243	247	115	127	136	144
OR130911_04_50	173	177	144	154	102	130	215	224	147	175	225	229	118	120	321	377	161	169	166	170	195	195	123	145	300	308	101	113	124	130	129	145	172	208	229	245	115	139	138	138
OR130911_04_51	173	175	154	168	106	106	218	221	149	153	225	229	132	160	309	309	167	169	164	166	193	195	107	215	300	308	109	109	120	130	149	153	172	172	223	263	131	135	130	136
OR130911_04_52	173	173	154	166	106	130	212	215	147	177	237	237	118	118	501	505	159	173	164	170	193	195	123	131	300	308	105	109	124	124	161	161	204	208	227	253	127	131	136	138
OR130911_04_53	173	173	156	185	130	130	218	224	151	175	193	225	118	135	313	393	159	169	164	166	193	193	155	173	300	300	101	113	120	124	137	149	204	208	231	243	119	139	138	142
OR130911_03_144	173	173	154	158	126	130	221	221	147	151	237	237	120	120	309	377	165	169	164	188	193	195	127	127	300	312	109	113	124	124	145	149	172	172	221	239	135	143	138	138
OR130911_03_145	175	177	154	154	90	102	215	224	151	153	213	233	124	137	365	373	159	165	164	164	193	197	195	199	304	308	109	113	124	124	153	153	164	188	227	261	115	131	130	150
OR130911_03_146	173	173	154	158	92	92	221	221	147	151	209	209	120	120	377	515	163	165	168	194	193	193	123	203	300	304	105	109	124	130	149	153	164	172	227	239	135	139	130	136
OR130911_03_148	173	173	158	158	92	102	212	227	149	151	209	225	118	118	309	385	159	165	168	170	193	195	155	173	300	304	109	113	120	124	145	145	164	164	235	263	135	143	136	138
OR130911_03_153	173	173	154	156	102	126	218	221	147	151	229	233	120	122	365	505	165	175	164	178	195	195	127	159	300	304	113	117	130	130	153	169	164	164	221	253	135	135	130	138
OR130911_03_156	173	175	154	156	92	126	218	227	149	151	217	233	118	137	385	505	165	169	192	210	193	193	173	179	308	308	113	117	120	130	145	145	176	220	221	235	123	127	144	156
OR130911_03_157	173	173	154	154	102	106	215	224	151	159	221	221	122	129	313	317	159	169	166	186	193	193	167	173	300	300	105	113	124	124	129	149	172	224	231	245	119	127	130	156
OR130911_03_161	173	173	154	158	106	130	221	221	147	153	209	233	118	122	313	501	151	159	164	204	193	193	145	199	288	300	105	113	130	130	145	153	172	172	223	255	111	149	136	158
OR130911_03_163	173	173	154	154	92	92	221	245	151	177	209	225	118	127	309	377	169	185	164	188	193	193	99	135	304	308	101	113	124	124	145	157	204	232	213	255	115	131	150	158
OR130911_03_164	173	173	154	158	102	106	218	218	151	153	221	233	118	137	309	377	163	169	166	166	193	193	135	135	300	300	113	117	124	124	153	173	172	200	221	223	135	139	138	138
OR130911_03_165	175	183	156	164	106	130	230	239	144	165	221	241	127	129	361	393	143	177	168	170	193	203	107	119	304	308	89	109	124	135	153	185	164	175	199	199	123	135	134	156
OR130911_03_171	177	183	156	156	94	122	218	230	144	161	217	221	116	124	397	401	143	151	168	186	193	193	107	107	308	324	89	89	130	130	173	173	164	164	185	199	111	127	132	156
OR130911_03_172	177	181	160	164	114	130	233	233	155	157	221	225	116	131	387	393	143	157	168	168	193	193	107	123	324	336	89	105	124	124	171	183	164	164	199	199	123	135	132	158
OR130911_03_173	173	177	152	156	92	100	215	224	147	147	213	233	118	120	353	515	165	169	164	170	193	195	173	219	304	308	105	113	124	130	153	153	204	208	223	237	115	115	130	158
OR130911_03_174	177	177	156	164	100	118	221	224	149	155	229	245	118	124	353	385	143	153	168	174	193	193	103	123	308	352	89	89	130	135	149	153	172	176	199	199	139	149	132	132
OR130911_03_178	173	173	154	154	130	130	215	221	151	153	233	237	120	122	313	373	159	167	164	166	193	193	107	185	304	308	101	113	124	124	145	149	164	212	225	247	135	135	138	162
OR130911_03_179	173	173	152	158	102	130	224	253	147	157	233	245	118	140	373	505	159	169	214	216	193	195	127	153	288	300	105	105	124	124	139	139	172	204	221	233	115	115	136	136
OR130911_03_182	173	181	156	156	102	120	212	221	147	147	217	233	116	132	383	413	153	155	170	198	193	193	107	123	312	312	89	89	130	130	161	193	164	164	199	199	123	139	156	156
OR130911_03_186	173	173	154	158	92	130	212	224	151	151	225	225	129	160	309	385	159	165	166	172	193	193	145	171	300	300	105	105	124	130	145	177	164	204	243	245	119	131	130	130
OR130911_03_187	175	177	158	158	92	102	212	218	151	153	233	233	118	122	309	515	159	165	188	196	195	197	183	199	304	304	101	109	124	124	149	153	204	204	235	257	135	181	126	138
OR130911_03_188	173	173	154	158	102	130	224	224	147	151	209	233	120	129	511	511	159	159	168	170	193	193	185	223	308	316	97	113	124	124	149	161	164	208	221	249	123	131	138	138
OR130911_03_189	173	175	156	160	92	126	218	218	151	177	229	237	122	124	353	377	167	169	168	204	193	193	135	199	308	336	105	113	124	124	139	145	208	220	229	229	123	135	136	144
OR130911_03_190	173	173	154	158	100	102	218	221	151	167	225	229	122	129	313	511	159	167	166	170	193	193	119	199	300	304	113	113	120	130	153	153	164	232	235	247	127	131	130	162
OR130911_03_196	177	181	154	156	100	118	224	270	153	167	217	257	124	129	393	421	151	155	168	170	193	193	107	123	312	316	89	89	120	124	139	203	164	168	199	221	131	135	132	134
OR130911_03_197	173	179	154	158	100	130	215	215	147	155	225	233	127	140	373	533	169	175	190	194	195	195	135	207	304	304	105	105	130	130	153	183	172	200	221	235	131	131	130	136
OR130911_03_198	177	181	156	156	114	128	215	273	147	161	237	249	116	127	405	421	143	147	170	192	193	193	107	111	312	328	89	117	124	124	149	173	164	168	199	199	131	143	156	158
OR130911_03_202	173	173	154	156	102	130	212	224	151	155	221	225	118	120	309	373	171	175	188	190	195	195	153	159	304	308	101	117	120	130	145	153	192	204	247	267	119	149	136	144
OR130911_03_203	173	179	154	156	92	92	224	230	151	159	233	233	124	124	309	317	159	169	164	178	195	195	191	199	300	304	105	113	116	124	153	153	164	164	243	255	115	131	136	142
OR130911_03_204	173	179	154	156	92	102	215	224	147	157	225	225	124	127	491	491	165	167	164	164	193	193	127	153	300	304	105	109	120	124	153	171	164	224	221	243	123	143	136	158
OR130911_03_210	173	185	156	158	128	130	224	233	151	151	233	233	118	127	309	373	167	189	166	196	193	195	135	155	300	300	105	113	124	124	145	149	164	240	247	249	119	131	130	136
OR130911_03_211	173	173	154	158	102	130	215	215	151	151	209	225	120	122	491	533	159	175	166	188	193	195	135	185	304	304	113	113	124	124	129	137	164	172	225	255	131	135	130	158
OR130911_03_212	173	173	158	164	92	92	215	221	147	151	225	229	120	140	313	377	165	175	192	208	193	195	107	199	300	300	113	113	120	130	145	153	164	200	223	253	143	143	130	136
OR130911_03_213	173	173	154	154	102	130	224	245	149	165	225	225	122	129	385	491	159	165	164	210	193	193	127	231	300	304	113	117	120	130	129	145	164	172	253	263	127	135	138	138
OR130911_03_214	173	173	154	156	102	102	221	221	151	153	225	233	129	129	373	377	159	159	166	216	193	197	127	167	300	308	113	113	116	130	145	145	164	228	221	235	127	131	138	138
OR130911_04_05	177	179	154	156	130	130	215	215	147	161	225	233	122	129	409	409	149	151	168	168	193	203	107	127	312	312	89	109	124	146	157	185	164	175	187	199	123	135	132	158
OR130911_04_08	177	177	164	176	92	104	215	215	157	161	237	245	118	124	397	405	149	163	168	170	193	199	107	153	312	312	89	109	130	130	171	183	164	164	199	199	131	131	132	156
OR130911_04_09	173	173	154	156	92	130	215	224	153	153	217	237	122	129	309	309	163	169	164	166	193	193	127	199	304	312	113	129	124	124	153	173	164	172	243	267	115	135	130	138
OR130911_04_13	177	181	158	158	100	100	215	227	147	161	229	233	129	132	403	405	147	153	168	170	193	199	107	107	300	304	89	105	124	135	149	173	168	172	199	199	119	139	132	156
OR130911_04_14	173	179	156	168	102	130	212	218	147	155	225	237	127	129	309	373	159	173	166	202	195	195	123	127	300	304	105	109	124	135	139	153	164	164	229	265	115	135	142	162
OR130911_04_15	181	183	160	160	128	128	215	233	147	147	233	233	116	131	387	399	143	151	168	168	193	193	107	107	312	316	89	89	124	130	149	185	164	168	199	199	127	139	132	132
OR130911_04_16	173	179	154	158	128	128	215	224	147	153	209	225	120	124	377	491	165	169	166	168	193	195	127	171	304	308	109	113	130	130	149	149	172	184	239	253	143	185	138	140
OR130911_04_22	173	173	154	156	102	130	221	224	151	153	225	225	118	131	321	377	163	185	192	204	193	195	173	231	300	300	105	129	120	124	171	185	164	232	237	255	131	139	136	136
OR130911_04_23	173	173	154	154	102	130	215	218	147	149	225	225	120	129	309	515	165	167	188	194	193	197	135	179	300	308	105	113	124	124	139	145	164	172	245	247	123	143	138	144
OR130911_04_24	177	177	156	156	106	112	215	221	149	167	217	217	116	132	363	375	143	147	170	184	193	193	107	135	316	328	89	105	124	146	161	185	164	164	199	199	123	127	156	158
OR130911_04_18	177	179	156	156	112	112	218	221	147	147	225	241	116	140	365	417	143	167	170	172	193	193	107	131	308	320	89	89	124	130	139	173	164	168	201	201	123	139	132	132
OR130911_03_150	173	175	154	154	102	106	212	242	151	177	221	225	122	137	491	537	165	185	164	170	193	195	179	185	304	308	105	113	124	130	145	149	164	164	245	253	131	139	130	136
OR130911_03_191	173	175	154	154	92	126	224	245	153	155	233	237	118	118	511	515	165	169	196	204	193	193	99	119	296	300	105	109	120	124	149	153	164	164	253	261	115	139	136	138
OR130911_03_142	173	173	154	156	100	132	221	224	151	169	209	237	118	129	373	491	173	185	166	178	193	195	203	203	300	304	101	113	130	130	149	169	172	224	243	255	135	143	126	136
OR130911_03_143	173	175	154	166	106	126	212	215	147	151	233	233	118	127	309	511	159	177	164	166	195	197	127	127	300	300	109	113	124	130	171	171	172	192	221	235	131	143	130	138
OR130911_03_176	173	179	156	158	92	106	224	224	147	165	209	233	118	122	309	373	151	159	188	198	193	195	163	173	300	308	105	105	124	124	145	153	164	172	231	251	107	131	130	138
OR130911_03_177	179	181	156	160	122	126	215	248	157	165	225	237	116	135	359	403	143	171	168	188	195	195	123	155	312	344	89	97	124	130	185	191	168	172	199	199	123	139	132	132
OR130911_03_209	173	175	154	160	92	126	215	221	147	151	225	237	118	120	313	377	159	165	166	190	193	193	135	171	300	304	101	133	116	124	139	149	172	172	209	221	131	135	138	158
OR130911_03_158	177	183	152	152	104	106	233	233	147	147	241	245	127	129	337	363	147	167	168	174	193	199	119	127	308	312	105	109	124	130	139	215	164	168	199	199	123	127	132	158
OR130911_03_199	173	175	156	158	102	136	221	245	136	175	217	241	118	122	309	519	165	165	164	192	195	195	135	155	300	308	113	113	124	124	137	137	164	204	227	235	115	139	130	130
OR130911_03_151	177	177	156	166	100	118	227	245	147	153	225	241	127	131	357	379	145	167	170	170	193	199	107	145	308	308	89	93	130	135	133	161	164	164	199	199	135	143	132	156
OR130911_03_152	173	177	154	168	102	130	215	215	147	151	217	225	118	129	377	491	165	165	176	204	193	195	171	173	300	320	109	113	124	130	145	153	172	200	231	237	115	139	136	138
OR130911_03_184	173	177	154	156	106	106	224	224	153	155	233	233	135	137	309	309	159	191	164	188	193	195	179	185	300	300	105	113	124	124	149	153	212	232	227	243	115	135	138	162
OR130911_03_185	173	173	154	156	106	130	218	221	151	175	217	233	122	131	309	309	159	165	164	166	195	195	195	215	300	300	89	97	130	130	139	145	204	236	239	247	135	139	142	142
OR130911_04_03	173	173	154	154	100	106	218	224	151	151	225	233	118	124	309	377	159	165	196	214	193	193	127	167	300	300	89	89	124	124	139	149	172	172	237	255	131	135	130	138
OR130911_04_04	173	175	154	156	92	102	212	221	151	151	225	233	124	137	505	511	159	169	164	200	193	193	135	145	308	308	101	133	124	124	145	177	164	172	221	253	123	135	138	142
OR130911_03_207	173	173	154	156	92	102	221	224	157	175	217	237	118	132	309	491	165	169	166	196	193	195	153	185	300	304	109	113	124	130	139	145	164	164	235	235	123	135	136	144
OR130911_03_159	173	175	152	154	104	126	221	221	149	153	209	237	118	129	373	491	155	159	188	196	193	195	127	215	300	300	105	129	130	130	171	171	200	204	263	263	131	135	138	142
OR130911_03_160	173	173	154	160	92	104	224	224	147	155	233	237	118	124	309	511	167	175	190	208	193	195	173	199	300	300	105	105	124	124	145	161	164	172	223	243	135	181	130	158
OR130911_03_192	173	173	154	156	92	102	218	218	147	147	233	233	131	135	515	533	165	169	166	196	193	195	173	199	300	300	113	117	124	130	171	171	164	212	235	253	131	135	130	138
OR130911_03_193	173	173	154	156	106	130	227	248	147	151	225	225	124	129	309	313	151	159	164	166	195	195	173	199	300	304	109	113	130	130	149	153	164	204	247	261	115	115	130	142
OR130911_04_11	173	173	154	156	102	128	215	224	147	147	225	233	122	131	313	491	159	165	164	194	195	197	127	173	300	300	105	113	124	130	145	153	216	236	247	255	115	135	142	162
OR130911_04_12	177	183	146	156	96	130	215	224	157	161	237	249	131	132	379	393	147	167	168	182	193	193	107	141	308	312	89	89	120	135	149	241	164	172	199	199	119	131	134	158
OR130911_03_175	173	173	154	154	102	118	215	224	151	151	221	245	118	129	313	313	165	175	166	210	193	195	115	159	300	308	109	113	130	130	145	149	164	196	235	247	139	161	136	138
OR130911_04_02	173	175	154	154	106	126	227	248	151	159	221	233	120	127	297	317	165	175	166	168	193	193	155	173	300	300	109	113	124	124	137	165	164	172	253	253	127	135	138	156
OR130911_03_168	173	175	156	156	128	132	218	221	151	155	225	229	120	137	309	309	159	175	188	188	193	195	127	159	300	308	101	129	120	130	139	139	164	164	221	223	115	123	138	150
OR130911_03_169	173	173	154	164	102	106	224	224	147	153	225	229	120	127	309	511	159	165	164	210	195	195	153	153	300	304	105	113	124	130	149	153	164	172	221	245	123	157	144	162
OR130911_03_200	173	173	154	154	102	104	215	218	147	151	217	217	120	137	373	393	153	159	164	196	195	197	135	179	308	312	105	105	124	130	145	145	164	164	243	253	123	135	136	136
OR130911_04_19	175	177	154	154	102	128	221	224	153	179	225	233	118	118	491	519	167	175	164	164	193	195	123	159	300	308	109	117	120	124	145	149	164	204	209	209	135	139	138	150
OR130911_04_20	177	181	164	164	102	118	224	224	153	153	217	249	120	127	383	417	145	151	172	188	193	199	107	111	312	324	89	109	130	135	171	173	164	172	199	199	131	143	132	156
OR130911_03_183	175	179	154	160	102	104	215	221	153	153	217	233	120	137	309	313	165	167	164	170	193	193	135	163	300	308	113	113	124	124	153	153	164	164	261	261	131	143	130	138
OR130911_04_10	173	173	154	154	92	92	221	224	147	151	225	229	120	120	491	491	159	169	164	192	193	193	127	183	300	308	109	113	120	130	137	145	164	204	243	245	135	139	138	138
