Sample_Name	Sma2	Sma2	Sma3	Sma3	Sma10	Sma10	Sma4	Sma4	Seb31	Seb31	Spi14	Spi14	Seb45	Seb45	Spi18	Spi18	Sra7-2	Sra7-2	Sra7-25	Sra7-25	Sra7-7	Sra7-7	Sal1	Sal1	Sra15-8	Sra15-8	Sal2	Sal2	Sal3	Sal3	Spi6	Spi6	Spi4	Spi4	Seb33	Seb33	Spi10	Spi10	Sma11	Sma11
150524_07_01	173	173	154	154	98	132	224	248	149	153	217	225	129	132	309	373	159	165	188	188	193	195	127	171	300	300	113	113	124	124	149	149	164	240	227	264	115	135	144	152
150524_07_02	173	175	156	180	92	130	230	253	151	155	217	217	124	124	309	511	169	175	180	214	193	197	123	173	300	300	105	129	124	124	153	173	164	224	219	249	115	127	138	138
150525_10_01	177	185	154	156	90	130	212	215	0	0	0	0	0	0	0	0	0	0	0	0	0	0	0	0	0	0	105	141	120	124	145	149	228	228	209	243	131	135	144	144
150525_10_02	173	177	154	156	92	106	212	218	151	157	217	217	129	129	369	505	159	159	166	180	193	195	131	159	300	308	109	129	124	124	145	149	164	172	231	263	131	139	136	164
150525_10_03	173	173	154	158	128	130	215	224	147	151	217	249	118	132	399	487	163	165	188	192	193	195	171	173	300	300	109	113	124	124	139	153	164	172	223	257	135	157	156	162
150525_10_04	175	185	154	170	98	130	224	230	157	157	217	217	120	124	349	491	159	165	166	188	193	195	119	183	300	312	97	129	124	130	149	149	164	228	243	263	119	135	130	158
150525_10_05	173	179	158	158	102	106	224	239	153	165	217	241	118	137	377	505	171	173	192	196	193	197	163	183	300	300	97	129	124	124	145	145	164	220	209	223	115	135	138	138
150525_10_06	173	185	154	156	92	106	215	256	151	155	217	217	118	131	505	511	165	165	164	214	195	195	127	171	300	300	113	129	124	124	139	145	164	188	221	255	131	131	130	162
150525_10_07	173	173	154	154	92	128	212	256	147	151	217	217	0	0	313	511	169	183	166	198	193	195	123	171	300	300	113	113	124	124	171	171	164	172	253	261	131	135	130	144
150525_10_08	173	185	154	158	100	130	0	0	147	175	217	225	0	0	309	313	159	175	166	208	195	195	131	141	300	300	105	105	130	130	145	149	164	172	233	247	119	149	130	138
150525_10_09	173	179	154	168	102	104	221	224	149	161	221	225	0	0	373	373	159	159	168	192	193	195	183	215	300	300	105	133	124	124	149	153	176	232	219	249	135	143	0	0
150525_10_10	173	173	154	158	102	102	224	248	147	147	221	221	0	0	305	309	159	193	164	212	195	197	127	145	300	300	105	109	124	124	149	149	164	164	247	247	119	139	130	150
150525_10_11	173	175	154	156	114	128	224	224	147	153	217	241	0	0	309	313	159	165	190	216	193	195	171	183	300	300	101	105	120	124	139	149	172	188	221	221	139	139	126	138
150525_10_12	173	175	154	156	92	98	212	224	147	175	229	233	0	0	309	505	159	175	172	210	193	193	135	199	300	308	101	117	124	124	145	145	164	216	233	235	135	139	130	130
150525_10_13	177	177	154	154	104	126	215	227	147	151	217	233	118	124	373	377	159	159	164	210	193	195	99	131	300	300	113	129	124	124	0	0	164	200	221	237	127	131	138	162
150525_10_14	173	185	154	154	92	104	212	212	147	153	217	229	118	129	309	313	165	167	168	188	193	198	135	145	300	304	105	105	124	130	145	161	164	164	223	257	115	139	136	156
150525_10_15	173	179	154	154	92	98	221	224	136	165	217	217	118	129	505	505	159	163	168	170	193	195	153	183	300	308	105	129	130	130	149	149	164	172	219	245	123	135	162	162
150601_49_01	177	177	154	154	92	130	212	215	151	157	205	233	124	127	313	511	163	197	164	196	195	195	167	173	304	304	105	105	124	130	145	153	164	208	251	251	115	119	136	156
150601_49_02	173	177	154	178	104	130	212	227	153	161	233	237	0	0	373	511	165	169	188	188	193	193	131	135	304	304	105	113	124	130	145	153	164	176	233	239	131	131	162	170
150601_49_03	173	177	154	156	106	130	212	215	151	151	217	225	118	120	313	505	165	173	164	166	193	193	159	207	300	312	105	105	124	124	129	129	164	164	0	0	127	127	130	138
150601_49_04	173	177	154	154	88	98	212	218	151	169	225	237	118	127	305	373	165	173	164	208	193	193	153	159	300	304	121	133	120	124	157	157	164	172	237	247	123	131	138	142
150601_49_05	173	173	154	154	92	102	218	224	157	185	221	221	120	137	361	515	169	181	166	208	193	195	123	141	304	308	105	129	124	124	139	139	172	196	225	233	139	143	138	156
150601_49_06	173	177	154	154	102	130	221	224	147	153	213	229	122	131	309	511	159	169	164	194	193	195	123	127	300	300	101	125	124	124	149	149	164	216	249	253	131	135	136	156
150601_49_07	173	173	154	154	102	134	215	224	153	169	229	233	127	142	285	309	177	191	164	166	193	195	155	167	304	312	101	101	124	130	137	161	164	172	227	251	127	143	138	156
150601_49_08	173	173	154	154	102	128	227	248	147	199	221	221	0	0	309	393	167	175	164	188	193	193	131	159	300	304	105	109	124	135	137	137	164	164	0	0	143	149	130	156
150601_49_09	177	179	154	164	102	104	212	218	151	171	217	233	0	0	361	515	157	165	166	166	193	195	141	155	300	308	97	97	130	130	157	165	204	212	0	0	119	119	138	138
150601_49_10	173	177	154	156	102	106	212	224	147	155	229	229	114	127	377	385	169	175	166	188	193	195	135	135	296	300	97	105	124	130	0	0	0	0	0	0	0	0	136	156
150601_49_11	173	173	154	154	102	102	212	224	153	155	225	233	118	129	361	389	169	173	164	188	193	193	123	155	300	300	101	101	124	130	139	145	204	212	241	241	131	135	0	0
150601_49_12	173	179	154	168	102	102	221	236	147	147	225	237	0	0	361	389	161	161	164	188	191	195	179	203	300	304	93	105	124	130	123	123	164	192	241	247	131	135	130	138
150601_49_13	173	173	154	154	102	104	206	221	147	181	225	233	120	120	313	487	169	173	188	216	193	193	159	171	304	304	97	97	120	124	131	139	164	172	237	249	123	149	136	158
150601_49_14	173	173	154	156	92	104	221	253	147	153	233	237	118	142	309	491	159	169	164	216	193	195	123	199	304	316	105	125	124	124	145	153	188	212	237	267	131	143	158	162
150601_49_15	173	177	154	168	102	132	0	0	147	167	233	249	118	129	301	373	163	165	168	196	193	198	111	167	300	308	101	117	120	168	139	145	164	172	229	243	143	149	136	160
150601_49_16	173	173	154	154	102	102	0	0	0	0	233	233	0	0	313	377	167	175	164	166	189	193	127	153	300	304	97	105	124	130	145	185	172	200	0	0	119	131	130	150
150601_50_01	173	173	154	164	102	134	227	239	151	169	217	217	118	124	313	365	165	171	196	214	193	195	103	123	296	300	105	109	124	130	161	165	172	188	255	265	131	135	136	172
150601_50_02	173	173	154	154	130	134	221	224	147	155	233	245	118	132	309	501	169	175	164	188	193	195	111	153	300	304	97	109	120	124	131	145	164	192	227	257	119	131	138	140
150601_50_03	173	177	154	172	102	104	233	233	153	153	225	237	118	124	373	377	159	185	190	194	193	195	135	179	304	304	97	117	124	124	139	145	164	220	239	253	131	131	136	136
150601_50_04	173	173	154	168	102	106	218	221	153	167	225	225	122	127	309	511	159	165	198	204	191	193	131	135	300	308	105	109	124	124	131	153	164	220	233	255	131	143	0	0
150601_50_05	173	173	154	154	92	114	218	221	147	153	209	225	127	131	313	505	167	175	186	208	193	195	131	155	300	300	101	109	124	124	139	145	164	172	247	259	123	139	136	144
150601_52_01	173	173	154	168	92	154	221	224	147	177	217	225	118	120	373	491	167	167	164	204	193	193	155	155	304	308	97	129	130	130	153	203	164	216	223	237	139	189	130	162
150601_52_02	173	173	154	168	92	102	215	221	153	163	225	225	118	120	309	377	151	159	164	200	193	195	123	145	300	304	113	113	130	130	153	177	160	164	229	265	115	135	136	136
150601_52_03	173	173	156	156	92	102	215	221	151	151	229	233	118	124	377	491	159	165	210	216	193	193	127	199	304	304	105	133	124	124	185	185	164	232	235	259	0	0	130	162
150601_52_04	173	173	154	156	102	130	215	253	136	147	209	237	118	118	309	511	159	165	170	190	193	193	141	171	288	308	105	133	124	130	145	153	208	232	245	255	127	135	130	162
150601_52_05	173	173	156	185	106	106	224	224	153	161	225	229	127	127	381	505	155	167	170	194	193	195	127	153	300	300	101	109	120	120	153	161	200	220	239	265	135	135	138	150
150601_52_06	173	173	154	158	102	128	212	224	151	155	225	233	118	132	491	505	159	159	190	210	193	193	119	219	300	300	109	113	124	130	145	149	164	208	221	237	123	143	130	136
150606_57_01	173	173	154	156	102	130	215	221	147	161	233	237	118	129	313	313	165	175	190	216	193	195	127	127	300	308	105	113	124	124	139	139	164	172	245	253	115	119	130	136
150606_57_02	173	173	154	156	92	100	218	221	151	151	221	241	120	124	373	519	159	165	192	192	193	195	163	207	300	308	101	105	120	124	139	145	164	164	223	239	119	135	138	164
150607_63_01	173	173	154	158	102	102	0	0	0	0	225	245	0	0	511	515	163	165	166	212	193	195	135	171	300	300	105	113	120	130	0	0	172	172	0	0	115	135	130	136
150607_63_02	173	173	154	154	106	130	0	0	151	151	217	249	118	131	373	377	173	177	164	166	193	195	123	155	300	300	105	113	120	124	145	153	220	232	235	253	107	119	138	144
150607_63_03	179	179	154	154	92	102	0	0	0	0	217	217	0	0	515	533	169	169	166	182	193	197	119	171	300	316	105	113	124	130	139	169	172	212	0	0	115	139	130	142
150607_63_04	173	179	154	154	102	132	0	0	149	177	233	245	0	0	309	309	161	185	166	194	193	193	145	155	300	300	97	109	130	130	131	153	164	172	0	0	123	135	138	142
150607_63_05	173	173	154	154	102	102	0	0	151	159	225	229	0	0	309	313	169	173	164	166	195	197	211	215	300	304	105	105	120	124	0	0	164	216	0	0	131	131	136	162
150607_63_06	173	173	154	158	102	102	224	224	136	153	233	237	0	0	309	309	167	175	164	166	195	195	153	183	304	308	101	133	124	130	145	145	200	204	237	251	115	135	0	0
150607_63_07	177	185	154	156	92	102	206	224	147	151	217	249	0	0	373	389	161	165	190	190	193	193	159	163	300	300	109	113	124	130	129	137	164	172	247	253	123	131	136	162
150607_63_08	173	173	158	164	92	102	0	0	151	169	217	233	0	0	349	377	159	163	164	198	193	195	107	203	300	300	109	133	120	124	0	0	164	164	0	0	131	131	138	162
150607_63_09	173	179	154	154	92	102	0	0	147	147	217	217	0	0	0	0	165	167	176	212	193	195	123	159	300	308	105	109	124	124	0	0	164	204	0	0	119	139	130	162
150607_63_10	173	173	154	158	102	104	212	212	149	175	217	245	0	0	309	309	143	159	166	188	193	195	107	179	304	308	105	113	124	130	129	153	192	204	221	223	119	135	138	138
150607_63_11	173	179	152	168	102	104	215	224	179	179	225	225	0	0	309	373	159	165	164	190	195	195	131	211	300	300	101	105	120	130	139	171	164	164	237	237	123	127	130	138
150607_63_12	173	177	164	164	100	106	218	221	167	167	213	225	0	0	309	373	165	165	166	166	193	197	131	155	300	300	105	113	124	130	139	169	164	176	0	0	119	139	132	144
150607_63_13	173	173	154	156	100	102	212	224	147	153	221	245	0	0	313	511	165	169	166	166	193	195	131	211	300	308	113	113	124	124	0	0	164	172	0	0	135	135	126	144
150607_63_14	173	173	156	156	92	92	218	224	147	151	217	233	0	0	309	373	171	175	164	166	195	195	127	171	304	304	105	113	124	130	139	145	164	172	235	251	127	135	138	144
150607_63_15	173	173	154	154	106	130	215	221	151	153	225	241	0	0	309	397	169	183	164	166	195	195	173	211	304	304	97	113	124	124	145	145	164	164	255	255	123	143	130	136
150607_63_16	173	173	152	154	102	106	224	236	147	155	221	233	0	0	313	491	165	169	190	192	193	195	163	179	300	300	113	121	120	135	149	149	172	224	223	245	131	135	136	136
150607_63_17	173	173	154	154	92	104	212	224	147	163	217	221	0	0	309	309	165	173	164	166	193	193	173	199	300	300	113	113	124	130	149	161	172	208	261	261	115	135	136	136
150607_64_01	173	177	158	164	104	130	218	218	147	153	233	233	122	122	309	373	163	175	164	182	193	193	107	211	300	304	97	113	124	130	149	157	164	172	227	229	131	135	136	138
150607_64_02	173	185	154	156	92	102	224	230	147	149	221	233	0	0	373	377	159	165	168	192	193	197	167	179	300	304	105	113	130	130	149	153	164	164	243	257	119	135	130	130
150607_64_03	175	179	154	156	92	102	218	224	147	153	217	241	118	120	309	313	165	169	164	218	193	193	135	145	300	300	97	109	116	120	145	145	164	192	255	257	131	131	152	182
150607_64_05	173	173	154	154	100	126	212	215	151	153	237	237	0	0	397	529	159	165	190	216	193	195	135	145	300	304	97	97	124	124	139	145	164	212	235	253	115	135	136	138
150607_64_06	173	177	154	158	102	108	212	221	147	147	217	245	118	132	377	511	167	169	164	166	193	193	123	185	300	300	97	109	124	130	145	149	164	216	243	253	131	135	130	136
150607_64_07	173	173	154	156	92	134	224	224	147	153	217	225	120	137	377	515	159	167	164	190	193	193	155	243	300	300	101	101	124	157	153	173	164	172	233	247	131	135	138	138
150607_64_08	173	179	154	168	104	130	215	224	149	151	221	229	118	118	313	381	167	169	200	208	195	195	167	185	300	300	105	113	124	124	153	199	164	164	247	255	143	143	130	138
150607_64_09	173	177	154	154	92	102	215	221	147	147	221	229	127	131	309	313	159	171	166	188	193	195	135	145	300	324	93	109	124	130	139	153	164	164	237	253	131	153	136	150
150701_64_10	173	173	154	154	92	136	221	242	147	159	221	241	118	131	309	309	165	175	182	188	195	197	131	191	304	304	97	101	116	124	129	171	172	216	241	243	139	153	138	138
150701_64_11	173	177	154	154	102	104	206	218	147	147	221	233	122	131	309	373	163	173	192	218	193	195	127	153	300	304	97	105	124	124	139	139	172	220	241	257	123	149	150	168
150701_64_12	173	173	154	156	102	102	221	224	151	167	225	241	118	129	309	377	159	179	176	176	195	195	183	203	300	300	109	121	124	148	177	177	164	164	229	245	123	131	136	162
150701_64_13	173	173	154	154	106	106	218	224	147	159	221	225	0	0	313	313	163	165	188	188	193	195	119	159	300	300	113	125	124	130	145	149	164	164	235	247	131	135	156	156
150701_64_14	175	179	154	154	96	106	227	245	147	153	209	233	118	131	301	345	163	167	176	192	195	197	107	127	300	300	97	105	124	130	145	149	164	164	237	259	131	131	136	138
150701_64_15	173	173	154	156	92	130	221	224	151	153	225	233	0	0	511	515	159	185	164	166	195	197	127	171	300	300	113	117	124	130	145	153	172	212	227	251	123	135	130	150
150701_64_16	173	177	154	162	84	102	221	221	147	149	221	233	0	0	301	309	155	179	166	188	193	197	135	159	300	304	105	105	124	135	149	149	164	196	233	243	135	143	138	158
150708_69_01	173	177	152	156	128	130	212	224	142	147	217	233	114	124	309	377	159	165	164	194	193	195	145	155	300	308	105	113	120	124	137	177	164	164	235	255	135	149	136	144
150708_69_02	173	173	154	166	104	106	221	224	151	171	217	225	122	124	519	519	161	187	164	212	197	197	185	219	300	300	113	113	124	124	153	153	164	164	237	245	123	143	130	138
150708_69_03	173	173	154	170	102	102	218	221	157	175	221	225	120	132	305	309	165	175	188	202	193	195	131	153	300	304	113	113	124	124	145	145	164	164	237	245	131	143	132	150
150708_69_04	173	177	156	158	106	106	221	245	147	157	213	225	118	122	369	491	159	165	180	208	193	193	127	199	300	304	109	117	124	130	121	139	164	164	243	243	135	143	130	150
150708_69_05	177	185	154	158	102	130	224	224	149	175	209	225	118	120	309	441	149	165	188	204	193	193	135	239	300	308	109	117	124	124	145	145	164	228	253	253	131	143	138	138
150708_69_06	173	177	154	156	92	116	218	236	147	151	221	229	118	131	297	309	161	175	166	198	195	195	123	127	300	300	109	113	124	148	131	149	164	204	251	255	131	139	130	138
150708_69_07	177	185	154	156	92	106	224	224	151	155	217	225	118	120	369	377	171	187	192	192	193	195	131	135	300	300	105	113	124	124	149	149	164	164	221	243	135	135	138	138
150708_69_08	173	179	154	156	130	130	206	212	0	0	225	225	0	0	309	373	167	181	164	168	193	193	127	199	300	300	105	105	124	130	145	145	164	188	185	209	131	185	162	162
150708_69_09	173	173	154	154	102	104	221	248	147	149	213	221	124	124	309	313	159	167	164	168	193	195	127	185	300	304	97	109	124	135	123	145	164	164	225	257	135	135	130	144
150708_69_10	173	175	156	156	130	130	212	221	0	0	209	221	118	122	373	491	159	169	168	190	195	195	127	179	300	304	105	113	124	130	149	153	164	216	245	267	127	135	130	138
150708_69_11	173	173	154	172	102	134	218	221	149	153	213	221	137	164	309	497	165	165	192	204	193	193	99	135	300	300	97	113	124	130	145	149	164	224	233	243	115	135	130	156
150708_69_12	173	179	154	154	92	102	224	242	147	147	221	245	118	118	301	373	165	165	168	210	195	197	163	179	300	300	105	129	124	130	137	145	164	172	221	221	135	139	136	158
150708_69_13	173	175	154	180	98	102	212	221	0	0	221	229	120	129	313	373	173	173	164	192	193	197	145	183	300	300	97	121	124	130	139	139	164	164	223	261	131	139	130	136
150708_69_14	173	177	154	154	92	102	215	242	149	153	205	229	124	129	309	313	165	179	164	164	193	195	131	167	0	0	101	113	124	130	145	149	164	164	251	251	135	135	142	144
150708_69_15	173	185	168	174	102	104	218	233	0	0	237	237	0	0	309	389	165	169	166	176	193	195	173	173	300	300	97	117	120	168	137	149	208	224	0	0	135	153	138	158
150708_69_16	173	173	156	156	100	130	218	221	0	0	233	237	120	122	309	505	165	169	164	166	195	195	155	159	300	304	105	117	124	124	145	149	164	164	249	267	131	131	138	150
